"Timing attack against Hash","When checking a Hash over a message, a constant-time algorithm should be used. Otherwise, an attacker may be able to forge a valid Hash for an arbitrary message by running a timing attack if they can send to the validation procedure. A successful attack can result in authentication bypass.","error","Possible Timing attack against message validation.","/Matching/Author/A_cwe327_0_0.py","26","8","26","23"
"Timing attack against Hash","When checking a Hash over a message, a constant-time algorithm should be used. Otherwise, an attacker may be able to forge a valid Hash for an arbitrary message by running a timing attack if they can send to the validation procedure. A successful attack can result in authentication bypass.","error","Possible Timing attack against message validation.","/Matching/Author/A_cwe327_0_1.py","20","8","20","23"
"Timing attack against Hash","When checking a Hash over a message, a constant-time algorithm should be used. Otherwise, an attacker may be able to forge a valid Hash for an arbitrary message by running a timing attack if they can send to the validation procedure. A successful attack can result in authentication bypass.","error","Possible Timing attack against message validation.","/Matching/Author/A_cwe327_0_2.py","26","8","26","23"
"Timing attack against Hash","When checking a Hash over a message, a constant-time algorithm should be used. Otherwise, an attacker may be able to forge a valid Hash for an arbitrary message by running a timing attack if they can send to the validation procedure. A successful attack can result in authentication bypass.","error","Possible Timing attack against message validation.","/Matching/Author/A_cwe327_0_3.py","26","8","26","23"
"Timing attack against Hash","When checking a Hash over a message, a constant-time algorithm should be used. Otherwise, an attacker may be able to forge a valid Hash for an arbitrary message by running a timing attack if they can send to the validation procedure. A successful attack can result in authentication bypass.","error","Possible Timing attack against message validation.","/Matching/Author/A_cwe327_0_4.py","18","8","18","23"
"Timing attack against Hash","When checking a Hash over a message, a constant-time algorithm should be used. Otherwise, an attacker may be able to forge a valid Hash for an arbitrary message by running a timing attack if they can send to the validation procedure. A successful attack can result in authentication bypass.","error","Possible Timing attack against message validation.","/Matching/Author/A_cwe327_0_5.py","26","8","26","23"
"Timing attack against Hash","When checking a Hash over a message, a constant-time algorithm should be used. Otherwise, an attacker may be able to forge a valid Hash for an arbitrary message by running a timing attack if they can send to the validation procedure. A successful attack can result in authentication bypass.","error","Possible Timing attack against message validation.","/Matching/Author/A_cwe327_0_6.py","20","8","20","23"
"Timing attack against Hash","When checking a Hash over a message, a constant-time algorithm should be used. Otherwise, an attacker may be able to forge a valid Hash for an arbitrary message by running a timing attack if they can send to the validation procedure. A successful attack can result in authentication bypass.","error","Possible Timing attack against message validation.","/Matching/Author/A_cwe327_0_7.py","20","8","20","23"
"Timing attack against Hash","When checking a Hash over a message, a constant-time algorithm should be used. Otherwise, an attacker may be able to forge a valid Hash for an arbitrary message by running a timing attack if they can send to the validation procedure. A successful attack can result in authentication bypass.","error","Possible Timing attack against message validation.","/Matching/Author/A_cwe327_0_8.py","20","8","20","23"
"Timing attack against Hash","When checking a Hash over a message, a constant-time algorithm should be used. Otherwise, an attacker may be able to forge a valid Hash for an arbitrary message by running a timing attack if they can send to the validation procedure. A successful attack can result in authentication bypass.","error","Possible Timing attack against message validation.","/Matching/Author/A_cwe327_0_9.py","20","8","20","23"
"Timing attack against Hash","When checking a Hash over a message, a constant-time algorithm should be used. Otherwise, an attacker may be able to forge a valid Hash for an arbitrary message by running a timing attack if they can send to the validation procedure. A successful attack can result in authentication bypass.","error","Possible Timing attack against message validation.","/Matching/CodeQL/codeql_cwe327_1_0.py","14","12","14","30"
"Timing attack against Hash","When checking a Hash over a message, a constant-time algorithm should be used. Otherwise, an attacker may be able to forge a valid Hash for an arbitrary message by running a timing attack if they can send to the validation procedure. A successful attack can result in authentication bypass.","error","Possible Timing attack against message validation.","/Matching/CodeQL/codeql_cwe327_1_1.py","23","12","23","27"
"Timing attack against Hash","When checking a Hash over a message, a constant-time algorithm should be used. Otherwise, an attacker may be able to forge a valid Hash for an arbitrary message by running a timing attack if they can send to the validation procedure. A successful attack can result in authentication bypass.","error","Possible Timing attack against message validation.","/Matching/CodeQL/codeql_cwe327_1_2.py","17","12","17","27"
"Timing attack against Hash","When checking a Hash over a message, a constant-time algorithm should be used. Otherwise, an attacker may be able to forge a valid Hash for an arbitrary message by running a timing attack if they can send to the validation procedure. A successful attack can result in authentication bypass.","error","Possible Timing attack against message validation.","/Matching/CodeQL/codeql_cwe327_1_3.py","15","12","15","27"
"Timing attack against Hash","When checking a Hash over a message, a constant-time algorithm should be used. Otherwise, an attacker may be able to forge a valid Hash for an arbitrary message by running a timing attack if they can send to the validation procedure. A successful attack can result in authentication bypass.","error","Possible Timing attack against message validation.","/Matching/CodeQL/codeql_cwe327_1_4.py","17","12","17","26"
"Timing attack against Hash","When checking a Hash over a message, a constant-time algorithm should be used. Otherwise, an attacker may be able to forge a valid Hash for an arbitrary message by running a timing attack if they can send to the validation procedure. A successful attack can result in authentication bypass.","error","Possible Timing attack against message validation.","/Matching/CodeQL/codeql_cwe327_1_5.py","17","12","17","27"
"Timing attack against Hash","When checking a Hash over a message, a constant-time algorithm should be used. Otherwise, an attacker may be able to forge a valid Hash for an arbitrary message by running a timing attack if they can send to the validation procedure. A successful attack can result in authentication bypass.","error","Possible Timing attack against message validation.","/Matching/CodeQL/codeql_cwe327_1_6.py","15","12","15","27"
"Timing attack against Hash","When checking a Hash over a message, a constant-time algorithm should be used. Otherwise, an attacker may be able to forge a valid Hash for an arbitrary message by running a timing attack if they can send to the validation procedure. A successful attack can result in authentication bypass.","error","Possible Timing attack against message validation.","/Matching/CodeQL/codeql_cwe327_1_7.py","17","12","17","27"
"Timing attack against Hash","When checking a Hash over a message, a constant-time algorithm should be used. Otherwise, an attacker may be able to forge a valid Hash for an arbitrary message by running a timing attack if they can send to the validation procedure. A successful attack can result in authentication bypass.","error","Possible Timing attack against message validation.","/Matching/CodeQL/codeql_cwe327_1_8.py","17","12","17","27"
"Timing attack against Hash","When checking a Hash over a message, a constant-time algorithm should be used. Otherwise, an attacker may be able to forge a valid Hash for an arbitrary message by running a timing attack if they can send to the validation procedure. A successful attack can result in authentication bypass.","error","Possible Timing attack against message validation.","/Matching/CodeQL/codeql_cwe327_1_9.py","17","12","17","27"
"Timing attack against Hash","When checking a Hash over a message, a constant-time algorithm should be used. Otherwise, an attacker may be able to forge a valid Hash for an arbitrary message by running a timing attack if they can send to the validation procedure. A successful attack can result in authentication bypass.","error","Timing attack against message validation.","/Matching/Author/A_cwe327_0_0.py","26","8","26","23"
"Timing attack against Hash","When checking a Hash over a message, a constant-time algorithm should be used. Otherwise, an attacker may be able to forge a valid Hash for an arbitrary message by running a timing attack if they can send to the validation procedure. A successful attack can result in authentication bypass.","error","Timing attack against message validation.","/Matching/Author/A_cwe327_0_1.py","20","8","20","23"
"Timing attack against Hash","When checking a Hash over a message, a constant-time algorithm should be used. Otherwise, an attacker may be able to forge a valid Hash for an arbitrary message by running a timing attack if they can send to the validation procedure. A successful attack can result in authentication bypass.","error","Timing attack against message validation.","/Matching/Author/A_cwe327_0_2.py","26","8","26","23"
"Timing attack against Hash","When checking a Hash over a message, a constant-time algorithm should be used. Otherwise, an attacker may be able to forge a valid Hash for an arbitrary message by running a timing attack if they can send to the validation procedure. A successful attack can result in authentication bypass.","error","Timing attack against message validation.","/Matching/Author/A_cwe327_0_3.py","26","8","26","23"
"Timing attack against Hash","When checking a Hash over a message, a constant-time algorithm should be used. Otherwise, an attacker may be able to forge a valid Hash for an arbitrary message by running a timing attack if they can send to the validation procedure. A successful attack can result in authentication bypass.","error","Timing attack against message validation.","/Matching/Author/A_cwe327_0_4.py","18","8","18","23"
"Timing attack against Hash","When checking a Hash over a message, a constant-time algorithm should be used. Otherwise, an attacker may be able to forge a valid Hash for an arbitrary message by running a timing attack if they can send to the validation procedure. A successful attack can result in authentication bypass.","error","Timing attack against message validation.","/Matching/Author/A_cwe327_0_5.py","26","8","26","23"
"Timing attack against Hash","When checking a Hash over a message, a constant-time algorithm should be used. Otherwise, an attacker may be able to forge a valid Hash for an arbitrary message by running a timing attack if they can send to the validation procedure. A successful attack can result in authentication bypass.","error","Timing attack against message validation.","/Matching/Author/A_cwe327_0_6.py","20","8","20","23"
"Timing attack against Hash","When checking a Hash over a message, a constant-time algorithm should be used. Otherwise, an attacker may be able to forge a valid Hash for an arbitrary message by running a timing attack if they can send to the validation procedure. A successful attack can result in authentication bypass.","error","Timing attack against message validation.","/Matching/Author/A_cwe327_0_7.py","20","8","20","23"
"Timing attack against Hash","When checking a Hash over a message, a constant-time algorithm should be used. Otherwise, an attacker may be able to forge a valid Hash for an arbitrary message by running a timing attack if they can send to the validation procedure. A successful attack can result in authentication bypass.","error","Timing attack against message validation.","/Matching/Author/A_cwe327_0_8.py","20","8","20","23"
"Timing attack against Hash","When checking a Hash over a message, a constant-time algorithm should be used. Otherwise, an attacker may be able to forge a valid Hash for an arbitrary message by running a timing attack if they can send to the validation procedure. A successful attack can result in authentication bypass.","error","Timing attack against message validation.","/Matching/Author/A_cwe327_0_9.py","20","8","20","23"
"Timing attack against secret","Use of a non-constant-time verification routine to check the value of an secret, possibly allowing a timing attack to retrieve sensitive information.","error","Timing attack against [[""client-supplied token""|""relative:///Assertion/Author/A_cwe200_0_9.py:42:31:42:35""]] validation.","/Assertion/Author/A_cwe200_0_9.py","42","31","42","35"
"Timing attack against secret","Use of a non-constant-time verification routine to check the value of an secret, possibly allowing a timing attack to retrieve sensitive information.","error","Timing attack against [[""client-supplied token""|""relative:///Assertion/Author/A_cwe306_0_0.py:11:13:11:23""]] validation.
Timing attack against [[""client-supplied token""|""relative:///Assertion/Author/A_cwe306_0_0.py:12:12:12:22""]] validation.
Timing attack against [[""client-supplied token""|""relative:///Assertion/Author/A_cwe306_0_0.py:16:8:16:18""]] validation.","/Assertion/Author/A_cwe306_0_0.py","16","8","16","30"
"Timing attack against secret","Use of a non-constant-time verification routine to check the value of an secret, possibly allowing a timing attack to retrieve sensitive information.","error","Timing attack against [[""client-supplied token""|""relative:///Assertion/Author/A_cwe306_0_0.py:11:13:11:23""]] validation.
Timing attack against [[""client-supplied token""|""relative:///Assertion/Author/A_cwe306_0_0.py:12:12:12:22""]] validation.
Timing attack against [[""client-supplied token""|""relative:///Assertion/Author/A_cwe306_0_0.py:16:8:16:18""]] validation.
Timing attack against [[""client-supplied token""|""relative:///Assertion/Author/A_cwe306_0_0.py:16:48:16:58""]] validation.","/Assertion/Author/A_cwe306_0_0.py","16","48","16","70"
"Timing attack against secret","Use of a non-constant-time verification routine to check the value of an secret, possibly allowing a timing attack to retrieve sensitive information.","error","Timing attack against [[""client-supplied token""|""relative:///Assertion/Author/A_cwe306_0_0.py:14:27:14:34""]] validation.
Timing attack against [[""client-supplied token""|""relative:///Assertion/Author/A_cwe306_0_0.py:27:34:27:41""]] validation.
Timing attack against [[""client-supplied token""|""relative:///Assertion/Author/A_cwe306_0_0.py:16:75:16:82""]] validation.","/Assertion/Author/A_cwe306_0_0.py","16","75","16","82"
"Timing attack against secret","Use of a non-constant-time verification routine to check the value of an secret, possibly allowing a timing attack to retrieve sensitive information.","error","Timing attack against [[""client-supplied token""|""relative:///Assertion/Author/A_cwe306_0_1.py:11:13:11:23""]] validation.
Timing attack against [[""client-supplied token""|""relative:///Assertion/Author/A_cwe306_0_1.py:12:12:12:22""]] validation.
Timing attack against [[""client-supplied token""|""relative:///Assertion/Author/A_cwe306_0_1.py:16:8:16:18""]] validation.","/Assertion/Author/A_cwe306_0_1.py","16","8","16","30"
"Timing attack against secret","Use of a non-constant-time verification routine to check the value of an secret, possibly allowing a timing attack to retrieve sensitive information.","error","Timing attack against [[""client-supplied token""|""relative:///Assertion/Author/A_cwe306_0_1.py:11:13:11:23""]] validation.
Timing attack against [[""client-supplied token""|""relative:///Assertion/Author/A_cwe306_0_1.py:12:12:12:22""]] validation.
Timing attack against [[""client-supplied token""|""relative:///Assertion/Author/A_cwe306_0_1.py:16:8:16:18""]] validation.
Timing attack against [[""client-supplied token""|""relative:///Assertion/Author/A_cwe306_0_1.py:16:48:16:58""]] validation.","/Assertion/Author/A_cwe306_0_1.py","16","48","16","70"
"Timing attack against secret","Use of a non-constant-time verification routine to check the value of an secret, possibly allowing a timing attack to retrieve sensitive information.","error","Timing attack against [[""client-supplied token""|""relative:///Assertion/Author/A_cwe306_0_1.py:14:27:14:34""]] validation.
Timing attack against [[""client-supplied token""|""relative:///Assertion/Author/A_cwe306_0_1.py:27:34:27:41""]] validation.
Timing attack against [[""client-supplied token""|""relative:///Assertion/Author/A_cwe306_0_1.py:16:75:16:82""]] validation.","/Assertion/Author/A_cwe306_0_1.py","16","75","16","82"
"Timing attack against secret","Use of a non-constant-time verification routine to check the value of an secret, possibly allowing a timing attack to retrieve sensitive information.","error","Timing attack against [[""client-supplied token""|""relative:///Assertion/Author/A_cwe306_0_2.py:11:13:11:23""]] validation.
Timing attack against [[""client-supplied token""|""relative:///Assertion/Author/A_cwe306_0_2.py:12:12:12:22""]] validation.
Timing attack against [[""client-supplied token""|""relative:///Assertion/Author/A_cwe306_0_2.py:16:8:16:18""]] validation.","/Assertion/Author/A_cwe306_0_2.py","16","8","16","30"
"Timing attack against secret","Use of a non-constant-time verification routine to check the value of an secret, possibly allowing a timing attack to retrieve sensitive information.","error","Timing attack against [[""client-supplied token""|""relative:///Assertion/Author/A_cwe306_0_2.py:11:13:11:23""]] validation.
Timing attack against [[""client-supplied token""|""relative:///Assertion/Author/A_cwe306_0_2.py:12:12:12:22""]] validation.
Timing attack against [[""client-supplied token""|""relative:///Assertion/Author/A_cwe306_0_2.py:16:8:16:18""]] validation.
Timing attack against [[""client-supplied token""|""relative:///Assertion/Author/A_cwe306_0_2.py:16:48:16:58""]] validation.","/Assertion/Author/A_cwe306_0_2.py","16","48","16","70"
"Timing attack against secret","Use of a non-constant-time verification routine to check the value of an secret, possibly allowing a timing attack to retrieve sensitive information.","error","Timing attack against [[""client-supplied token""|""relative:///Assertion/Author/A_cwe306_0_2.py:14:27:14:34""]] validation.
Timing attack against [[""client-supplied token""|""relative:///Assertion/Author/A_cwe306_0_2.py:27:34:27:41""]] validation.
Timing attack against [[""client-supplied token""|""relative:///Assertion/Author/A_cwe306_0_2.py:16:75:16:82""]] validation.","/Assertion/Author/A_cwe306_0_2.py","16","75","16","82"
"Timing attack against secret","Use of a non-constant-time verification routine to check the value of an secret, possibly allowing a timing attack to retrieve sensitive information.","error","Timing attack against [[""client-supplied token""|""relative:///Assertion/Author/A_cwe306_0_3.py:11:13:11:23""]] validation.
Timing attack against [[""client-supplied token""|""relative:///Assertion/Author/A_cwe306_0_3.py:12:12:12:22""]] validation.
Timing attack against [[""client-supplied token""|""relative:///Assertion/Author/A_cwe306_0_3.py:16:8:16:18""]] validation.","/Assertion/Author/A_cwe306_0_3.py","16","8","16","30"
"Timing attack against secret","Use of a non-constant-time verification routine to check the value of an secret, possibly allowing a timing attack to retrieve sensitive information.","error","Timing attack against [[""client-supplied token""|""relative:///Assertion/Author/A_cwe306_0_3.py:11:13:11:23""]] validation.
Timing attack against [[""client-supplied token""|""relative:///Assertion/Author/A_cwe306_0_3.py:12:12:12:22""]] validation.
Timing attack against [[""client-supplied token""|""relative:///Assertion/Author/A_cwe306_0_3.py:16:8:16:18""]] validation.
Timing attack against [[""client-supplied token""|""relative:///Assertion/Author/A_cwe306_0_3.py:16:48:16:58""]] validation.","/Assertion/Author/A_cwe306_0_3.py","16","48","16","70"
"Timing attack against secret","Use of a non-constant-time verification routine to check the value of an secret, possibly allowing a timing attack to retrieve sensitive information.","error","Timing attack against [[""client-supplied token""|""relative:///Assertion/Author/A_cwe306_0_3.py:14:27:14:34""]] validation.
Timing attack against [[""client-supplied token""|""relative:///Assertion/Author/A_cwe306_0_3.py:27:34:27:41""]] validation.
Timing attack against [[""client-supplied token""|""relative:///Assertion/Author/A_cwe306_0_3.py:16:75:16:82""]] validation.","/Assertion/Author/A_cwe306_0_3.py","16","75","16","82"
"Timing attack against secret","Use of a non-constant-time verification routine to check the value of an secret, possibly allowing a timing attack to retrieve sensitive information.","error","Timing attack against [[""client-supplied token""|""relative:///Assertion/Author/A_cwe306_0_4.py:11:13:11:23""]] validation.
Timing attack against [[""client-supplied token""|""relative:///Assertion/Author/A_cwe306_0_4.py:12:12:12:22""]] validation.
Timing attack against [[""client-supplied token""|""relative:///Assertion/Author/A_cwe306_0_4.py:16:8:16:18""]] validation.","/Assertion/Author/A_cwe306_0_4.py","16","8","16","30"
"Timing attack against secret","Use of a non-constant-time verification routine to check the value of an secret, possibly allowing a timing attack to retrieve sensitive information.","error","Timing attack against [[""client-supplied token""|""relative:///Assertion/Author/A_cwe306_0_4.py:11:13:11:23""]] validation.
Timing attack against [[""client-supplied token""|""relative:///Assertion/Author/A_cwe306_0_4.py:12:12:12:22""]] validation.
Timing attack against [[""client-supplied token""|""relative:///Assertion/Author/A_cwe306_0_4.py:16:8:16:18""]] validation.
Timing attack against [[""client-supplied token""|""relative:///Assertion/Author/A_cwe306_0_4.py:16:48:16:58""]] validation.","/Assertion/Author/A_cwe306_0_4.py","16","48","16","70"
"Timing attack against secret","Use of a non-constant-time verification routine to check the value of an secret, possibly allowing a timing attack to retrieve sensitive information.","error","Timing attack against [[""client-supplied token""|""relative:///Assertion/Author/A_cwe306_0_4.py:14:27:14:34""]] validation.
Timing attack against [[""client-supplied token""|""relative:///Assertion/Author/A_cwe306_0_4.py:27:34:27:41""]] validation.
Timing attack against [[""client-supplied token""|""relative:///Assertion/Author/A_cwe306_0_4.py:16:75:16:82""]] validation.","/Assertion/Author/A_cwe306_0_4.py","16","75","16","82"
"Timing attack against secret","Use of a non-constant-time verification routine to check the value of an secret, possibly allowing a timing attack to retrieve sensitive information.","error","Timing attack against [[""client-supplied token""|""relative:///Assertion/Author/A_cwe306_0_5.py:11:13:11:23""]] validation.
Timing attack against [[""client-supplied token""|""relative:///Assertion/Author/A_cwe306_0_5.py:12:12:12:22""]] validation.
Timing attack against [[""client-supplied token""|""relative:///Assertion/Author/A_cwe306_0_5.py:16:8:16:18""]] validation.","/Assertion/Author/A_cwe306_0_5.py","16","8","16","30"
"Timing attack against secret","Use of a non-constant-time verification routine to check the value of an secret, possibly allowing a timing attack to retrieve sensitive information.","error","Timing attack against [[""client-supplied token""|""relative:///Assertion/Author/A_cwe306_0_5.py:11:13:11:23""]] validation.
Timing attack against [[""client-supplied token""|""relative:///Assertion/Author/A_cwe306_0_5.py:12:12:12:22""]] validation.
Timing attack against [[""client-supplied token""|""relative:///Assertion/Author/A_cwe306_0_5.py:16:8:16:18""]] validation.
Timing attack against [[""client-supplied token""|""relative:///Assertion/Author/A_cwe306_0_5.py:16:48:16:58""]] validation.","/Assertion/Author/A_cwe306_0_5.py","16","48","16","70"
"Timing attack against secret","Use of a non-constant-time verification routine to check the value of an secret, possibly allowing a timing attack to retrieve sensitive information.","error","Timing attack against [[""client-supplied token""|""relative:///Assertion/Author/A_cwe306_0_5.py:14:27:14:34""]] validation.
Timing attack against [[""client-supplied token""|""relative:///Assertion/Author/A_cwe306_0_5.py:27:34:27:41""]] validation.
Timing attack against [[""client-supplied token""|""relative:///Assertion/Author/A_cwe306_0_5.py:16:75:16:82""]] validation.","/Assertion/Author/A_cwe306_0_5.py","16","75","16","82"
"Timing attack against secret","Use of a non-constant-time verification routine to check the value of an secret, possibly allowing a timing attack to retrieve sensitive information.","error","Timing attack against [[""client-supplied token""|""relative:///Assertion/Author/A_cwe306_0_6.py:11:13:11:23""]] validation.
Timing attack against [[""client-supplied token""|""relative:///Assertion/Author/A_cwe306_0_6.py:12:12:12:22""]] validation.
Timing attack against [[""client-supplied token""|""relative:///Assertion/Author/A_cwe306_0_6.py:16:8:16:18""]] validation.","/Assertion/Author/A_cwe306_0_6.py","16","8","16","30"
"Timing attack against secret","Use of a non-constant-time verification routine to check the value of an secret, possibly allowing a timing attack to retrieve sensitive information.","error","Timing attack against [[""client-supplied token""|""relative:///Assertion/Author/A_cwe306_0_6.py:11:13:11:23""]] validation.
Timing attack against [[""client-supplied token""|""relative:///Assertion/Author/A_cwe306_0_6.py:12:12:12:22""]] validation.
Timing attack against [[""client-supplied token""|""relative:///Assertion/Author/A_cwe306_0_6.py:16:8:16:18""]] validation.
Timing attack against [[""client-supplied token""|""relative:///Assertion/Author/A_cwe306_0_6.py:16:48:16:58""]] validation.","/Assertion/Author/A_cwe306_0_6.py","16","48","16","70"
"Timing attack against secret","Use of a non-constant-time verification routine to check the value of an secret, possibly allowing a timing attack to retrieve sensitive information.","error","Timing attack against [[""client-supplied token""|""relative:///Assertion/Author/A_cwe306_0_6.py:14:27:14:34""]] validation.
Timing attack against [[""client-supplied token""|""relative:///Assertion/Author/A_cwe306_0_6.py:27:34:27:41""]] validation.
Timing attack against [[""client-supplied token""|""relative:///Assertion/Author/A_cwe306_0_6.py:16:75:16:82""]] validation.","/Assertion/Author/A_cwe306_0_6.py","16","75","16","82"
"Timing attack against secret","Use of a non-constant-time verification routine to check the value of an secret, possibly allowing a timing attack to retrieve sensitive information.","error","Timing attack against [[""client-supplied token""|""relative:///Assertion/Author/A_cwe306_0_7.py:11:13:11:23""]] validation.
Timing attack against [[""client-supplied token""|""relative:///Assertion/Author/A_cwe306_0_7.py:12:12:12:22""]] validation.
Timing attack against [[""client-supplied token""|""relative:///Assertion/Author/A_cwe306_0_7.py:16:8:16:18""]] validation.","/Assertion/Author/A_cwe306_0_7.py","16","8","16","30"
"Timing attack against secret","Use of a non-constant-time verification routine to check the value of an secret, possibly allowing a timing attack to retrieve sensitive information.","error","Timing attack against [[""client-supplied token""|""relative:///Assertion/Author/A_cwe306_0_7.py:11:13:11:23""]] validation.
Timing attack against [[""client-supplied token""|""relative:///Assertion/Author/A_cwe306_0_7.py:12:12:12:22""]] validation.
Timing attack against [[""client-supplied token""|""relative:///Assertion/Author/A_cwe306_0_7.py:16:8:16:18""]] validation.
Timing attack against [[""client-supplied token""|""relative:///Assertion/Author/A_cwe306_0_7.py:16:48:16:58""]] validation.","/Assertion/Author/A_cwe306_0_7.py","16","48","16","70"
"Timing attack against secret","Use of a non-constant-time verification routine to check the value of an secret, possibly allowing a timing attack to retrieve sensitive information.","error","Timing attack against [[""client-supplied token""|""relative:///Assertion/Author/A_cwe306_0_7.py:14:27:14:34""]] validation.
Timing attack against [[""client-supplied token""|""relative:///Assertion/Author/A_cwe306_0_7.py:27:34:27:41""]] validation.
Timing attack against [[""client-supplied token""|""relative:///Assertion/Author/A_cwe306_0_7.py:16:75:16:82""]] validation.","/Assertion/Author/A_cwe306_0_7.py","16","75","16","82"
"Timing attack against secret","Use of a non-constant-time verification routine to check the value of an secret, possibly allowing a timing attack to retrieve sensitive information.","error","Timing attack against [[""client-supplied token""|""relative:///Assertion/Author/A_cwe306_0_8.py:11:13:11:23""]] validation.
Timing attack against [[""client-supplied token""|""relative:///Assertion/Author/A_cwe306_0_8.py:12:12:12:22""]] validation.
Timing attack against [[""client-supplied token""|""relative:///Assertion/Author/A_cwe306_0_8.py:16:8:16:18""]] validation.","/Assertion/Author/A_cwe306_0_8.py","16","8","16","30"
"Timing attack against secret","Use of a non-constant-time verification routine to check the value of an secret, possibly allowing a timing attack to retrieve sensitive information.","error","Timing attack against [[""client-supplied token""|""relative:///Assertion/Author/A_cwe306_0_8.py:11:13:11:23""]] validation.
Timing attack against [[""client-supplied token""|""relative:///Assertion/Author/A_cwe306_0_8.py:12:12:12:22""]] validation.
Timing attack against [[""client-supplied token""|""relative:///Assertion/Author/A_cwe306_0_8.py:16:8:16:18""]] validation.
Timing attack against [[""client-supplied token""|""relative:///Assertion/Author/A_cwe306_0_8.py:16:48:16:58""]] validation.","/Assertion/Author/A_cwe306_0_8.py","16","48","16","70"
"Timing attack against secret","Use of a non-constant-time verification routine to check the value of an secret, possibly allowing a timing attack to retrieve sensitive information.","error","Timing attack against [[""client-supplied token""|""relative:///Assertion/Author/A_cwe306_0_8.py:14:27:14:34""]] validation.
Timing attack against [[""client-supplied token""|""relative:///Assertion/Author/A_cwe306_0_8.py:27:34:27:41""]] validation.
Timing attack against [[""client-supplied token""|""relative:///Assertion/Author/A_cwe306_0_8.py:16:75:16:82""]] validation.","/Assertion/Author/A_cwe306_0_8.py","16","75","16","82"
"Timing attack against secret","Use of a non-constant-time verification routine to check the value of an secret, possibly allowing a timing attack to retrieve sensitive information.","error","Timing attack against [[""client-supplied token""|""relative:///Assertion/Author/A_cwe306_0_9.py:11:13:11:23""]] validation.
Timing attack against [[""client-supplied token""|""relative:///Assertion/Author/A_cwe306_0_9.py:12:12:12:22""]] validation.
Timing attack against [[""client-supplied token""|""relative:///Assertion/Author/A_cwe306_0_9.py:16:8:16:18""]] validation.","/Assertion/Author/A_cwe306_0_9.py","16","8","16","30"
"Timing attack against secret","Use of a non-constant-time verification routine to check the value of an secret, possibly allowing a timing attack to retrieve sensitive information.","error","Timing attack against [[""client-supplied token""|""relative:///Assertion/Author/A_cwe306_0_9.py:11:13:11:23""]] validation.
Timing attack against [[""client-supplied token""|""relative:///Assertion/Author/A_cwe306_0_9.py:12:12:12:22""]] validation.
Timing attack against [[""client-supplied token""|""relative:///Assertion/Author/A_cwe306_0_9.py:16:8:16:18""]] validation.
Timing attack against [[""client-supplied token""|""relative:///Assertion/Author/A_cwe306_0_9.py:16:48:16:58""]] validation.","/Assertion/Author/A_cwe306_0_9.py","16","48","16","70"
"Timing attack against secret","Use of a non-constant-time verification routine to check the value of an secret, possibly allowing a timing attack to retrieve sensitive information.","error","Timing attack against [[""client-supplied token""|""relative:///Assertion/Author/A_cwe306_0_9.py:14:27:14:34""]] validation.
Timing attack against [[""client-supplied token""|""relative:///Assertion/Author/A_cwe306_0_9.py:27:34:27:41""]] validation.
Timing attack against [[""client-supplied token""|""relative:///Assertion/Author/A_cwe306_0_9.py:16:75:16:82""]] validation.","/Assertion/Author/A_cwe306_0_9.py","16","75","16","82"
"Timing attack against secret","Use of a non-constant-time verification routine to check the value of an secret, possibly allowing a timing attack to retrieve sensitive information.","error","Timing attack against [[""client-supplied token""|""relative:///Assertion/Author/A_cwe319_0_0.py:20:13:20:23""]] validation.
Timing attack against [[""client-supplied token""|""relative:///Assertion/Author/A_cwe319_0_0.py:21:12:21:22""]] validation.
Timing attack against [[""client-supplied token""|""relative:///Assertion/Author/A_cwe319_0_0.py:25:8:25:18""]] validation.","/Assertion/Author/A_cwe319_0_0.py","25","8","25","30"
"Timing attack against secret","Use of a non-constant-time verification routine to check the value of an secret, possibly allowing a timing attack to retrieve sensitive information.","error","Timing attack against [[""client-supplied token""|""relative:///Assertion/Author/A_cwe319_0_0.py:20:13:20:23""]] validation.
Timing attack against [[""client-supplied token""|""relative:///Assertion/Author/A_cwe319_0_0.py:21:12:21:22""]] validation.
Timing attack against [[""client-supplied token""|""relative:///Assertion/Author/A_cwe319_0_0.py:25:8:25:18""]] validation.
Timing attack against [[""client-supplied token""|""relative:///Assertion/Author/A_cwe319_0_0.py:25:48:25:58""]] validation.","/Assertion/Author/A_cwe319_0_0.py","25","48","25","70"
"Timing attack against secret","Use of a non-constant-time verification routine to check the value of an secret, possibly allowing a timing attack to retrieve sensitive information.","error","Timing attack against [[""client-supplied token""|""relative:///Assertion/Author/A_cwe319_0_0.py:23:33:23:40""]] validation.
Timing attack against [[""client-supplied token""|""relative:///Assertion/Author/A_cwe319_0_0.py:41:36:41:43""]] validation.
Timing attack against [[""client-supplied token""|""relative:///Assertion/Author/A_cwe319_0_0.py:25:75:25:82""]] validation.","/Assertion/Author/A_cwe319_0_0.py","25","75","25","82"
"Timing attack against secret","Use of a non-constant-time verification routine to check the value of an secret, possibly allowing a timing attack to retrieve sensitive information.","error","Timing attack against [[""client-supplied token""|""relative:///Assertion/Author/A_cwe319_0_1.py:20:13:20:23""]] validation.
Timing attack against [[""client-supplied token""|""relative:///Assertion/Author/A_cwe319_0_1.py:21:12:21:22""]] validation.
Timing attack against [[""client-supplied token""|""relative:///Assertion/Author/A_cwe319_0_1.py:25:8:25:18""]] validation.","/Assertion/Author/A_cwe319_0_1.py","25","8","25","30"
"Timing attack against secret","Use of a non-constant-time verification routine to check the value of an secret, possibly allowing a timing attack to retrieve sensitive information.","error","Timing attack against [[""client-supplied token""|""relative:///Assertion/Author/A_cwe319_0_1.py:20:13:20:23""]] validation.
Timing attack against [[""client-supplied token""|""relative:///Assertion/Author/A_cwe319_0_1.py:21:12:21:22""]] validation.
Timing attack against [[""client-supplied token""|""relative:///Assertion/Author/A_cwe319_0_1.py:25:8:25:18""]] validation.
Timing attack against [[""client-supplied token""|""relative:///Assertion/Author/A_cwe319_0_1.py:25:48:25:58""]] validation.","/Assertion/Author/A_cwe319_0_1.py","25","48","25","70"
"Timing attack against secret","Use of a non-constant-time verification routine to check the value of an secret, possibly allowing a timing attack to retrieve sensitive information.","error","Timing attack against [[""client-supplied token""|""relative:///Assertion/Author/A_cwe319_0_1.py:23:33:23:40""]] validation.
Timing attack against [[""client-supplied token""|""relative:///Assertion/Author/A_cwe319_0_1.py:41:36:41:43""]] validation.
Timing attack against [[""client-supplied token""|""relative:///Assertion/Author/A_cwe319_0_1.py:25:75:25:82""]] validation.","/Assertion/Author/A_cwe319_0_1.py","25","75","25","82"
"Timing attack against secret","Use of a non-constant-time verification routine to check the value of an secret, possibly allowing a timing attack to retrieve sensitive information.","error","Timing attack against [[""client-supplied token""|""relative:///Assertion/Author/A_cwe319_0_2.py:20:13:20:23""]] validation.
Timing attack against [[""client-supplied token""|""relative:///Assertion/Author/A_cwe319_0_2.py:21:12:21:22""]] validation.
Timing attack against [[""client-supplied token""|""relative:///Assertion/Author/A_cwe319_0_2.py:25:8:25:18""]] validation.","/Assertion/Author/A_cwe319_0_2.py","25","8","25","30"
"Timing attack against secret","Use of a non-constant-time verification routine to check the value of an secret, possibly allowing a timing attack to retrieve sensitive information.","error","Timing attack against [[""client-supplied token""|""relative:///Assertion/Author/A_cwe319_0_2.py:20:13:20:23""]] validation.
Timing attack against [[""client-supplied token""|""relative:///Assertion/Author/A_cwe319_0_2.py:21:12:21:22""]] validation.
Timing attack against [[""client-supplied token""|""relative:///Assertion/Author/A_cwe319_0_2.py:25:8:25:18""]] validation.
Timing attack against [[""client-supplied token""|""relative:///Assertion/Author/A_cwe319_0_2.py:25:48:25:58""]] validation.","/Assertion/Author/A_cwe319_0_2.py","25","48","25","70"
"Timing attack against secret","Use of a non-constant-time verification routine to check the value of an secret, possibly allowing a timing attack to retrieve sensitive information.","error","Timing attack against [[""client-supplied token""|""relative:///Assertion/Author/A_cwe319_0_2.py:23:33:23:40""]] validation.
Timing attack against [[""client-supplied token""|""relative:///Assertion/Author/A_cwe319_0_2.py:42:36:42:43""]] validation.
Timing attack against [[""client-supplied token""|""relative:///Assertion/Author/A_cwe319_0_2.py:25:75:25:82""]] validation.","/Assertion/Author/A_cwe319_0_2.py","25","75","25","82"
"Timing attack against secret","Use of a non-constant-time verification routine to check the value of an secret, possibly allowing a timing attack to retrieve sensitive information.","error","Timing attack against [[""client-supplied token""|""relative:///Assertion/Author/A_cwe319_0_3.py:20:13:20:23""]] validation.
Timing attack against [[""client-supplied token""|""relative:///Assertion/Author/A_cwe319_0_3.py:21:12:21:22""]] validation.
Timing attack against [[""client-supplied token""|""relative:///Assertion/Author/A_cwe319_0_3.py:25:8:25:18""]] validation.","/Assertion/Author/A_cwe319_0_3.py","25","8","25","30"
"Timing attack against secret","Use of a non-constant-time verification routine to check the value of an secret, possibly allowing a timing attack to retrieve sensitive information.","error","Timing attack against [[""client-supplied token""|""relative:///Assertion/Author/A_cwe319_0_3.py:20:13:20:23""]] validation.
Timing attack against [[""client-supplied token""|""relative:///Assertion/Author/A_cwe319_0_3.py:21:12:21:22""]] validation.
Timing attack against [[""client-supplied token""|""relative:///Assertion/Author/A_cwe319_0_3.py:25:8:25:18""]] validation.
Timing attack against [[""client-supplied token""|""relative:///Assertion/Author/A_cwe319_0_3.py:25:48:25:58""]] validation.","/Assertion/Author/A_cwe319_0_3.py","25","48","25","70"
"Timing attack against secret","Use of a non-constant-time verification routine to check the value of an secret, possibly allowing a timing attack to retrieve sensitive information.","error","Timing attack against [[""client-supplied token""|""relative:///Assertion/Author/A_cwe319_0_3.py:23:33:23:40""]] validation.
Timing attack against [[""client-supplied token""|""relative:///Assertion/Author/A_cwe319_0_3.py:42:36:42:43""]] validation.
Timing attack against [[""client-supplied token""|""relative:///Assertion/Author/A_cwe319_0_3.py:25:75:25:82""]] validation.","/Assertion/Author/A_cwe319_0_3.py","25","75","25","82"
"Timing attack against secret","Use of a non-constant-time verification routine to check the value of an secret, possibly allowing a timing attack to retrieve sensitive information.","error","Timing attack against [[""client-supplied token""|""relative:///Assertion/Author/A_cwe319_0_4.py:20:13:20:23""]] validation.
Timing attack against [[""client-supplied token""|""relative:///Assertion/Author/A_cwe319_0_4.py:21:12:21:22""]] validation.
Timing attack against [[""client-supplied token""|""relative:///Assertion/Author/A_cwe319_0_4.py:25:8:25:18""]] validation.","/Assertion/Author/A_cwe319_0_4.py","25","8","25","30"
"Timing attack against secret","Use of a non-constant-time verification routine to check the value of an secret, possibly allowing a timing attack to retrieve sensitive information.","error","Timing attack against [[""client-supplied token""|""relative:///Assertion/Author/A_cwe319_0_4.py:20:13:20:23""]] validation.
Timing attack against [[""client-supplied token""|""relative:///Assertion/Author/A_cwe319_0_4.py:21:12:21:22""]] validation.
Timing attack against [[""client-supplied token""|""relative:///Assertion/Author/A_cwe319_0_4.py:25:8:25:18""]] validation.
Timing attack against [[""client-supplied token""|""relative:///Assertion/Author/A_cwe319_0_4.py:25:48:25:58""]] validation.","/Assertion/Author/A_cwe319_0_4.py","25","48","25","70"
"Timing attack against secret","Use of a non-constant-time verification routine to check the value of an secret, possibly allowing a timing attack to retrieve sensitive information.","error","Timing attack against [[""client-supplied token""|""relative:///Assertion/Author/A_cwe319_0_4.py:23:33:23:40""]] validation.
Timing attack against [[""client-supplied token""|""relative:///Assertion/Author/A_cwe319_0_4.py:42:36:42:43""]] validation.
Timing attack against [[""client-supplied token""|""relative:///Assertion/Author/A_cwe319_0_4.py:25:75:25:82""]] validation.","/Assertion/Author/A_cwe319_0_4.py","25","75","25","82"
"Timing attack against secret","Use of a non-constant-time verification routine to check the value of an secret, possibly allowing a timing attack to retrieve sensitive information.","error","Timing attack against [[""client-supplied token""|""relative:///Assertion/Author/A_cwe319_0_5.py:20:13:20:23""]] validation.
Timing attack against [[""client-supplied token""|""relative:///Assertion/Author/A_cwe319_0_5.py:21:12:21:22""]] validation.
Timing attack against [[""client-supplied token""|""relative:///Assertion/Author/A_cwe319_0_5.py:25:8:25:18""]] validation.","/Assertion/Author/A_cwe319_0_5.py","25","8","25","30"
"Timing attack against secret","Use of a non-constant-time verification routine to check the value of an secret, possibly allowing a timing attack to retrieve sensitive information.","error","Timing attack against [[""client-supplied token""|""relative:///Assertion/Author/A_cwe319_0_5.py:20:13:20:23""]] validation.
Timing attack against [[""client-supplied token""|""relative:///Assertion/Author/A_cwe319_0_5.py:21:12:21:22""]] validation.
Timing attack against [[""client-supplied token""|""relative:///Assertion/Author/A_cwe319_0_5.py:25:8:25:18""]] validation.
Timing attack against [[""client-supplied token""|""relative:///Assertion/Author/A_cwe319_0_5.py:25:48:25:58""]] validation.","/Assertion/Author/A_cwe319_0_5.py","25","48","25","70"
"Timing attack against secret","Use of a non-constant-time verification routine to check the value of an secret, possibly allowing a timing attack to retrieve sensitive information.","error","Timing attack against [[""client-supplied token""|""relative:///Assertion/Author/A_cwe319_0_5.py:23:33:23:40""]] validation.
Timing attack against [[""client-supplied token""|""relative:///Assertion/Author/A_cwe319_0_5.py:42:36:42:43""]] validation.
Timing attack against [[""client-supplied token""|""relative:///Assertion/Author/A_cwe319_0_5.py:25:75:25:82""]] validation.","/Assertion/Author/A_cwe319_0_5.py","25","75","25","82"
"Timing attack against secret","Use of a non-constant-time verification routine to check the value of an secret, possibly allowing a timing attack to retrieve sensitive information.","error","Timing attack against [[""client-supplied token""|""relative:///Assertion/Author/A_cwe319_0_6.py:20:13:20:23""]] validation.
Timing attack against [[""client-supplied token""|""relative:///Assertion/Author/A_cwe319_0_6.py:21:12:21:22""]] validation.
Timing attack against [[""client-supplied token""|""relative:///Assertion/Author/A_cwe319_0_6.py:25:8:25:18""]] validation.","/Assertion/Author/A_cwe319_0_6.py","25","8","25","30"
"Timing attack against secret","Use of a non-constant-time verification routine to check the value of an secret, possibly allowing a timing attack to retrieve sensitive information.","error","Timing attack against [[""client-supplied token""|""relative:///Assertion/Author/A_cwe319_0_6.py:20:13:20:23""]] validation.
Timing attack against [[""client-supplied token""|""relative:///Assertion/Author/A_cwe319_0_6.py:21:12:21:22""]] validation.
Timing attack against [[""client-supplied token""|""relative:///Assertion/Author/A_cwe319_0_6.py:25:8:25:18""]] validation.
Timing attack against [[""client-supplied token""|""relative:///Assertion/Author/A_cwe319_0_6.py:25:48:25:58""]] validation.","/Assertion/Author/A_cwe319_0_6.py","25","48","25","70"
"Timing attack against secret","Use of a non-constant-time verification routine to check the value of an secret, possibly allowing a timing attack to retrieve sensitive information.","error","Timing attack against [[""client-supplied token""|""relative:///Assertion/Author/A_cwe319_0_6.py:23:33:23:40""]] validation.
Timing attack against [[""client-supplied token""|""relative:///Assertion/Author/A_cwe319_0_6.py:41:36:41:43""]] validation.
Timing attack against [[""client-supplied token""|""relative:///Assertion/Author/A_cwe319_0_6.py:25:75:25:82""]] validation.","/Assertion/Author/A_cwe319_0_6.py","25","75","25","82"
"Timing attack against secret","Use of a non-constant-time verification routine to check the value of an secret, possibly allowing a timing attack to retrieve sensitive information.","error","Timing attack against [[""client-supplied token""|""relative:///Assertion/Author/A_cwe319_0_7.py:20:13:20:23""]] validation.
Timing attack against [[""client-supplied token""|""relative:///Assertion/Author/A_cwe319_0_7.py:21:12:21:22""]] validation.
Timing attack against [[""client-supplied token""|""relative:///Assertion/Author/A_cwe319_0_7.py:25:8:25:18""]] validation.","/Assertion/Author/A_cwe319_0_7.py","25","8","25","30"
"Timing attack against secret","Use of a non-constant-time verification routine to check the value of an secret, possibly allowing a timing attack to retrieve sensitive information.","error","Timing attack against [[""client-supplied token""|""relative:///Assertion/Author/A_cwe319_0_7.py:20:13:20:23""]] validation.
Timing attack against [[""client-supplied token""|""relative:///Assertion/Author/A_cwe319_0_7.py:21:12:21:22""]] validation.
Timing attack against [[""client-supplied token""|""relative:///Assertion/Author/A_cwe319_0_7.py:25:8:25:18""]] validation.
Timing attack against [[""client-supplied token""|""relative:///Assertion/Author/A_cwe319_0_7.py:25:48:25:58""]] validation.","/Assertion/Author/A_cwe319_0_7.py","25","48","25","70"
"Timing attack against secret","Use of a non-constant-time verification routine to check the value of an secret, possibly allowing a timing attack to retrieve sensitive information.","error","Timing attack against [[""client-supplied token""|""relative:///Assertion/Author/A_cwe319_0_7.py:23:33:23:40""]] validation.
Timing attack against [[""client-supplied token""|""relative:///Assertion/Author/A_cwe319_0_7.py:42:36:42:43""]] validation.
Timing attack against [[""client-supplied token""|""relative:///Assertion/Author/A_cwe319_0_7.py:25:75:25:82""]] validation.","/Assertion/Author/A_cwe319_0_7.py","25","75","25","82"
"Timing attack against secret","Use of a non-constant-time verification routine to check the value of an secret, possibly allowing a timing attack to retrieve sensitive information.","error","Timing attack against [[""client-supplied token""|""relative:///Assertion/Author/A_cwe319_0_8.py:20:13:20:23""]] validation.
Timing attack against [[""client-supplied token""|""relative:///Assertion/Author/A_cwe319_0_8.py:21:12:21:22""]] validation.
Timing attack against [[""client-supplied token""|""relative:///Assertion/Author/A_cwe319_0_8.py:25:8:25:18""]] validation.","/Assertion/Author/A_cwe319_0_8.py","25","8","25","30"
"Timing attack against secret","Use of a non-constant-time verification routine to check the value of an secret, possibly allowing a timing attack to retrieve sensitive information.","error","Timing attack against [[""client-supplied token""|""relative:///Assertion/Author/A_cwe319_0_8.py:20:13:20:23""]] validation.
Timing attack against [[""client-supplied token""|""relative:///Assertion/Author/A_cwe319_0_8.py:21:12:21:22""]] validation.
Timing attack against [[""client-supplied token""|""relative:///Assertion/Author/A_cwe319_0_8.py:25:8:25:18""]] validation.
Timing attack against [[""client-supplied token""|""relative:///Assertion/Author/A_cwe319_0_8.py:25:48:25:58""]] validation.","/Assertion/Author/A_cwe319_0_8.py","25","48","25","70"
"Timing attack against secret","Use of a non-constant-time verification routine to check the value of an secret, possibly allowing a timing attack to retrieve sensitive information.","error","Timing attack against [[""client-supplied token""|""relative:///Assertion/Author/A_cwe319_0_8.py:23:33:23:40""]] validation.
Timing attack against [[""client-supplied token""|""relative:///Assertion/Author/A_cwe319_0_8.py:42:36:42:43""]] validation.
Timing attack against [[""client-supplied token""|""relative:///Assertion/Author/A_cwe319_0_8.py:25:75:25:82""]] validation.","/Assertion/Author/A_cwe319_0_8.py","25","75","25","82"
"Timing attack against secret","Use of a non-constant-time verification routine to check the value of an secret, possibly allowing a timing attack to retrieve sensitive information.","error","Timing attack against [[""client-supplied token""|""relative:///Assertion/Author/A_cwe319_0_9.py:20:13:20:23""]] validation.
Timing attack against [[""client-supplied token""|""relative:///Assertion/Author/A_cwe319_0_9.py:21:12:21:22""]] validation.
Timing attack against [[""client-supplied token""|""relative:///Assertion/Author/A_cwe319_0_9.py:25:8:25:18""]] validation.","/Assertion/Author/A_cwe319_0_9.py","25","8","25","30"
"Timing attack against secret","Use of a non-constant-time verification routine to check the value of an secret, possibly allowing a timing attack to retrieve sensitive information.","error","Timing attack against [[""client-supplied token""|""relative:///Assertion/Author/A_cwe319_0_9.py:20:13:20:23""]] validation.
Timing attack against [[""client-supplied token""|""relative:///Assertion/Author/A_cwe319_0_9.py:21:12:21:22""]] validation.
Timing attack against [[""client-supplied token""|""relative:///Assertion/Author/A_cwe319_0_9.py:25:8:25:18""]] validation.
Timing attack against [[""client-supplied token""|""relative:///Assertion/Author/A_cwe319_0_9.py:25:48:25:58""]] validation.","/Assertion/Author/A_cwe319_0_9.py","25","48","25","70"
"Timing attack against secret","Use of a non-constant-time verification routine to check the value of an secret, possibly allowing a timing attack to retrieve sensitive information.","error","Timing attack against [[""client-supplied token""|""relative:///Assertion/Author/A_cwe319_0_9.py:23:33:23:40""]] validation.
Timing attack against [[""client-supplied token""|""relative:///Assertion/Author/A_cwe319_0_9.py:41:36:41:43""]] validation.
Timing attack against [[""client-supplied token""|""relative:///Assertion/Author/A_cwe319_0_9.py:25:75:25:82""]] validation.","/Assertion/Author/A_cwe319_0_9.py","25","75","25","82"
"Timing attack against secret","Use of a non-constant-time verification routine to check the value of an secret, possibly allowing a timing attack to retrieve sensitive information.","error","Timing attack against [[""client-supplied token""|""relative:///Tainted/CodeQL/codeql_cwe208_1_0.py:17:12:17:19""]] validation.","/Tainted/CodeQL/codeql_cwe208_1_0.py","17","12","17","19"
"Timing attack against secret","Use of a non-constant-time verification routine to check the value of an secret, possibly allowing a timing attack to retrieve sensitive information.","error","Timing attack against [[""client-supplied token""|""relative:///Tainted/CodeQL/codeql_cwe208_1_0.py:6:1:6:14""]] validation.
Timing attack against [[""client-supplied token""|""relative:///Tainted/CodeQL/codeql_cwe208_1_0.py:17:24:17:37""]] validation.","/Tainted/CodeQL/codeql_cwe208_1_0.py","17","24","17","37"
"Timing attack against secret","Use of a non-constant-time verification routine to check the value of an secret, possibly allowing a timing attack to retrieve sensitive information.","error","Timing attack against [[""client-supplied token""|""relative:///Tainted/CodeQL/codeql_cwe208_1_1.py:17:12:17:19""]] validation.","/Tainted/CodeQL/codeql_cwe208_1_1.py","17","12","17","19"
"Timing attack against secret","Use of a non-constant-time verification routine to check the value of an secret, possibly allowing a timing attack to retrieve sensitive information.","error","Timing attack against [[""client-supplied token""|""relative:///Tainted/CodeQL/codeql_cwe208_1_1.py:6:1:6:14""]] validation.
Timing attack against [[""client-supplied token""|""relative:///Tainted/CodeQL/codeql_cwe208_1_1.py:17:24:17:37""]] validation.","/Tainted/CodeQL/codeql_cwe208_1_1.py","17","24","17","37"
"Timing attack against secret","Use of a non-constant-time verification routine to check the value of an secret, possibly allowing a timing attack to retrieve sensitive information.","error","Timing attack against [[""client-supplied token""|""relative:///Tainted/CodeQL/codeql_cwe208_1_2.py:17:12:17:19""]] validation.","/Tainted/CodeQL/codeql_cwe208_1_2.py","17","12","17","19"
"Timing attack against secret","Use of a non-constant-time verification routine to check the value of an secret, possibly allowing a timing attack to retrieve sensitive information.","error","Timing attack against [[""client-supplied token""|""relative:///Tainted/CodeQL/codeql_cwe208_1_2.py:6:1:6:14""]] validation.
Timing attack against [[""client-supplied token""|""relative:///Tainted/CodeQL/codeql_cwe208_1_2.py:17:24:17:37""]] validation.","/Tainted/CodeQL/codeql_cwe208_1_2.py","17","24","17","37"
"Timing attack against secret","Use of a non-constant-time verification routine to check the value of an secret, possibly allowing a timing attack to retrieve sensitive information.","error","Timing attack against [[""client-supplied token""|""relative:///Tainted/CodeQL/codeql_cwe208_1_3.py:17:12:17:19""]] validation.","/Tainted/CodeQL/codeql_cwe208_1_3.py","17","12","17","19"
"Timing attack against secret","Use of a non-constant-time verification routine to check the value of an secret, possibly allowing a timing attack to retrieve sensitive information.","error","Timing attack against [[""client-supplied token""|""relative:///Tainted/CodeQL/codeql_cwe208_1_3.py:6:1:6:14""]] validation.
Timing attack against [[""client-supplied token""|""relative:///Tainted/CodeQL/codeql_cwe208_1_3.py:17:24:17:37""]] validation.","/Tainted/CodeQL/codeql_cwe208_1_3.py","17","24","17","37"
"Timing attack against secret","Use of a non-constant-time verification routine to check the value of an secret, possibly allowing a timing attack to retrieve sensitive information.","error","Timing attack against [[""client-supplied token""|""relative:///Tainted/CodeQL/codeql_cwe208_1_4.py:17:12:17:19""]] validation.","/Tainted/CodeQL/codeql_cwe208_1_4.py","17","12","17","19"
"Timing attack against secret","Use of a non-constant-time verification routine to check the value of an secret, possibly allowing a timing attack to retrieve sensitive information.","error","Timing attack against [[""client-supplied token""|""relative:///Tainted/CodeQL/codeql_cwe208_1_4.py:6:1:6:14""]] validation.
Timing attack against [[""client-supplied token""|""relative:///Tainted/CodeQL/codeql_cwe208_1_4.py:17:24:17:37""]] validation.","/Tainted/CodeQL/codeql_cwe208_1_4.py","17","24","17","37"
"Timing attack against secret","Use of a non-constant-time verification routine to check the value of an secret, possibly allowing a timing attack to retrieve sensitive information.","error","Timing attack against [[""client-supplied token""|""relative:///Tainted/CodeQL/codeql_cwe208_1_5.py:17:12:17:19""]] validation.","/Tainted/CodeQL/codeql_cwe208_1_5.py","17","12","17","19"
"Timing attack against secret","Use of a non-constant-time verification routine to check the value of an secret, possibly allowing a timing attack to retrieve sensitive information.","error","Timing attack against [[""client-supplied token""|""relative:///Tainted/CodeQL/codeql_cwe208_1_5.py:6:1:6:14""]] validation.
Timing attack against [[""client-supplied token""|""relative:///Tainted/CodeQL/codeql_cwe208_1_5.py:17:24:17:37""]] validation.","/Tainted/CodeQL/codeql_cwe208_1_5.py","17","24","17","37"
"Timing attack against secret","Use of a non-constant-time verification routine to check the value of an secret, possibly allowing a timing attack to retrieve sensitive information.","error","Timing attack against [[""client-supplied token""|""relative:///Tainted/CodeQL/codeql_cwe208_1_6.py:17:12:17:19""]] validation.","/Tainted/CodeQL/codeql_cwe208_1_6.py","17","12","17","19"
"Timing attack against secret","Use of a non-constant-time verification routine to check the value of an secret, possibly allowing a timing attack to retrieve sensitive information.","error","Timing attack against [[""client-supplied token""|""relative:///Tainted/CodeQL/codeql_cwe208_1_6.py:6:1:6:14""]] validation.
Timing attack against [[""client-supplied token""|""relative:///Tainted/CodeQL/codeql_cwe208_1_6.py:17:24:17:37""]] validation.","/Tainted/CodeQL/codeql_cwe208_1_6.py","17","24","17","37"
"Timing attack against secret","Use of a non-constant-time verification routine to check the value of an secret, possibly allowing a timing attack to retrieve sensitive information.","error","Timing attack against [[""client-supplied token""|""relative:///Tainted/CodeQL/codeql_cwe208_1_7.py:17:12:17:19""]] validation.","/Tainted/CodeQL/codeql_cwe208_1_7.py","17","12","17","19"
"Timing attack against secret","Use of a non-constant-time verification routine to check the value of an secret, possibly allowing a timing attack to retrieve sensitive information.","error","Timing attack against [[""client-supplied token""|""relative:///Tainted/CodeQL/codeql_cwe208_1_7.py:6:1:6:14""]] validation.
Timing attack against [[""client-supplied token""|""relative:///Tainted/CodeQL/codeql_cwe208_1_7.py:17:24:17:37""]] validation.","/Tainted/CodeQL/codeql_cwe208_1_7.py","17","24","17","37"
"Timing attack against secret","Use of a non-constant-time verification routine to check the value of an secret, possibly allowing a timing attack to retrieve sensitive information.","error","Timing attack against [[""client-supplied token""|""relative:///Tainted/CodeQL/codeql_cwe208_1_8.py:17:12:17:19""]] validation.","/Tainted/CodeQL/codeql_cwe208_1_8.py","17","12","17","19"
"Timing attack against secret","Use of a non-constant-time verification routine to check the value of an secret, possibly allowing a timing attack to retrieve sensitive information.","error","Timing attack against [[""client-supplied token""|""relative:///Tainted/CodeQL/codeql_cwe208_1_8.py:6:1:6:14""]] validation.
Timing attack against [[""client-supplied token""|""relative:///Tainted/CodeQL/codeql_cwe208_1_8.py:17:24:17:37""]] validation.","/Tainted/CodeQL/codeql_cwe208_1_8.py","17","24","17","37"
"Timing attack against secret","Use of a non-constant-time verification routine to check the value of an secret, possibly allowing a timing attack to retrieve sensitive information.","error","Timing attack against [[""client-supplied token""|""relative:///Tainted/CodeQL/codeql_cwe208_1_9.py:17:12:17:19""]] validation.","/Tainted/CodeQL/codeql_cwe208_1_9.py","17","12","17","19"
"Timing attack against secret","Use of a non-constant-time verification routine to check the value of an secret, possibly allowing a timing attack to retrieve sensitive information.","error","Timing attack against [[""client-supplied token""|""relative:///Tainted/CodeQL/codeql_cwe208_1_9.py:6:1:6:14""]] validation.
Timing attack against [[""client-supplied token""|""relative:///Tainted/CodeQL/codeql_cwe208_1_9.py:17:24:17:37""]] validation.","/Tainted/CodeQL/codeql_cwe208_1_9.py","17","24","17","37"
"Timing attack against secret","Use of a non-constant-time verification routine to check the value of an secret, possibly allowing a timing attack to retrieve sensitive information.","error","Timing attack against [[""client-supplied token""|""relative:///Assertion/CodeQL/codeql_cwe601_0_2.py:31:38:31:45""]] validation.","/Assertion/CodeQL/codeql_cwe601_0_2.py","31","38","31","45"
"Timing attack against secret","Use of a non-constant-time verification routine to check the value of an secret, possibly allowing a timing attack to retrieve sensitive information.","error","Timing attack against [[""client-supplied token""|""relative:///Assertion/Author/A_cwe200_0_9.py:42:31:42:35""]] validation.","/Assertion/Author/A_cwe200_0_9.py","42","31","42","35"
"Timing attack against secret","Use of a non-constant-time verification routine to check the value of an secret, possibly allowing a timing attack to retrieve sensitive information.","error","Timing attack against [[""client-supplied token""|""relative:///Assertion/Author/A_cwe306_0_0.py:11:13:11:23""]] validation.
Timing attack against [[""client-supplied token""|""relative:///Assertion/Author/A_cwe306_0_0.py:12:12:12:22""]] validation.
Timing attack against [[""client-supplied token""|""relative:///Assertion/Author/A_cwe306_0_0.py:16:8:16:18""]] validation.","/Assertion/Author/A_cwe306_0_0.py","16","8","16","30"
"Timing attack against secret","Use of a non-constant-time verification routine to check the value of an secret, possibly allowing a timing attack to retrieve sensitive information.","error","Timing attack against [[""client-supplied token""|""relative:///Assertion/Author/A_cwe306_0_0.py:11:13:11:23""]] validation.
Timing attack against [[""client-supplied token""|""relative:///Assertion/Author/A_cwe306_0_0.py:12:12:12:22""]] validation.
Timing attack against [[""client-supplied token""|""relative:///Assertion/Author/A_cwe306_0_0.py:16:8:16:18""]] validation.
Timing attack against [[""client-supplied token""|""relative:///Assertion/Author/A_cwe306_0_0.py:16:48:16:58""]] validation.","/Assertion/Author/A_cwe306_0_0.py","16","48","16","70"
"Timing attack against secret","Use of a non-constant-time verification routine to check the value of an secret, possibly allowing a timing attack to retrieve sensitive information.","error","Timing attack against [[""client-supplied token""|""relative:///Assertion/Author/A_cwe306_0_0.py:14:27:14:34""]] validation.
Timing attack against [[""client-supplied token""|""relative:///Assertion/Author/A_cwe306_0_0.py:27:34:27:41""]] validation.
Timing attack against [[""client-supplied token""|""relative:///Assertion/Author/A_cwe306_0_0.py:16:75:16:82""]] validation.","/Assertion/Author/A_cwe306_0_0.py","16","75","16","82"
"Timing attack against secret","Use of a non-constant-time verification routine to check the value of an secret, possibly allowing a timing attack to retrieve sensitive information.","error","Timing attack against [[""client-supplied token""|""relative:///Assertion/Author/A_cwe306_0_1.py:11:13:11:23""]] validation.
Timing attack against [[""client-supplied token""|""relative:///Assertion/Author/A_cwe306_0_1.py:12:12:12:22""]] validation.
Timing attack against [[""client-supplied token""|""relative:///Assertion/Author/A_cwe306_0_1.py:16:8:16:18""]] validation.","/Assertion/Author/A_cwe306_0_1.py","16","8","16","30"
"Timing attack against secret","Use of a non-constant-time verification routine to check the value of an secret, possibly allowing a timing attack to retrieve sensitive information.","error","Timing attack against [[""client-supplied token""|""relative:///Assertion/Author/A_cwe306_0_1.py:11:13:11:23""]] validation.
Timing attack against [[""client-supplied token""|""relative:///Assertion/Author/A_cwe306_0_1.py:12:12:12:22""]] validation.
Timing attack against [[""client-supplied token""|""relative:///Assertion/Author/A_cwe306_0_1.py:16:8:16:18""]] validation.
Timing attack against [[""client-supplied token""|""relative:///Assertion/Author/A_cwe306_0_1.py:16:48:16:58""]] validation.","/Assertion/Author/A_cwe306_0_1.py","16","48","16","70"
"Timing attack against secret","Use of a non-constant-time verification routine to check the value of an secret, possibly allowing a timing attack to retrieve sensitive information.","error","Timing attack against [[""client-supplied token""|""relative:///Assertion/Author/A_cwe306_0_1.py:14:27:14:34""]] validation.
Timing attack against [[""client-supplied token""|""relative:///Assertion/Author/A_cwe306_0_1.py:27:34:27:41""]] validation.
Timing attack against [[""client-supplied token""|""relative:///Assertion/Author/A_cwe306_0_1.py:16:75:16:82""]] validation.","/Assertion/Author/A_cwe306_0_1.py","16","75","16","82"
"Timing attack against secret","Use of a non-constant-time verification routine to check the value of an secret, possibly allowing a timing attack to retrieve sensitive information.","error","Timing attack against [[""client-supplied token""|""relative:///Assertion/Author/A_cwe306_0_2.py:11:13:11:23""]] validation.
Timing attack against [[""client-supplied token""|""relative:///Assertion/Author/A_cwe306_0_2.py:12:12:12:22""]] validation.
Timing attack against [[""client-supplied token""|""relative:///Assertion/Author/A_cwe306_0_2.py:16:8:16:18""]] validation.","/Assertion/Author/A_cwe306_0_2.py","16","8","16","30"
"Timing attack against secret","Use of a non-constant-time verification routine to check the value of an secret, possibly allowing a timing attack to retrieve sensitive information.","error","Timing attack against [[""client-supplied token""|""relative:///Assertion/Author/A_cwe306_0_2.py:11:13:11:23""]] validation.
Timing attack against [[""client-supplied token""|""relative:///Assertion/Author/A_cwe306_0_2.py:12:12:12:22""]] validation.
Timing attack against [[""client-supplied token""|""relative:///Assertion/Author/A_cwe306_0_2.py:16:8:16:18""]] validation.
Timing attack against [[""client-supplied token""|""relative:///Assertion/Author/A_cwe306_0_2.py:16:48:16:58""]] validation.","/Assertion/Author/A_cwe306_0_2.py","16","48","16","70"
"Timing attack against secret","Use of a non-constant-time verification routine to check the value of an secret, possibly allowing a timing attack to retrieve sensitive information.","error","Timing attack against [[""client-supplied token""|""relative:///Assertion/Author/A_cwe306_0_2.py:14:27:14:34""]] validation.
Timing attack against [[""client-supplied token""|""relative:///Assertion/Author/A_cwe306_0_2.py:27:34:27:41""]] validation.
Timing attack against [[""client-supplied token""|""relative:///Assertion/Author/A_cwe306_0_2.py:16:75:16:82""]] validation.","/Assertion/Author/A_cwe306_0_2.py","16","75","16","82"
"Timing attack against secret","Use of a non-constant-time verification routine to check the value of an secret, possibly allowing a timing attack to retrieve sensitive information.","error","Timing attack against [[""client-supplied token""|""relative:///Assertion/Author/A_cwe306_0_3.py:11:13:11:23""]] validation.
Timing attack against [[""client-supplied token""|""relative:///Assertion/Author/A_cwe306_0_3.py:12:12:12:22""]] validation.
Timing attack against [[""client-supplied token""|""relative:///Assertion/Author/A_cwe306_0_3.py:16:8:16:18""]] validation.","/Assertion/Author/A_cwe306_0_3.py","16","8","16","30"
"Timing attack against secret","Use of a non-constant-time verification routine to check the value of an secret, possibly allowing a timing attack to retrieve sensitive information.","error","Timing attack against [[""client-supplied token""|""relative:///Assertion/Author/A_cwe306_0_3.py:11:13:11:23""]] validation.
Timing attack against [[""client-supplied token""|""relative:///Assertion/Author/A_cwe306_0_3.py:12:12:12:22""]] validation.
Timing attack against [[""client-supplied token""|""relative:///Assertion/Author/A_cwe306_0_3.py:16:8:16:18""]] validation.
Timing attack against [[""client-supplied token""|""relative:///Assertion/Author/A_cwe306_0_3.py:16:48:16:58""]] validation.","/Assertion/Author/A_cwe306_0_3.py","16","48","16","70"
"Timing attack against secret","Use of a non-constant-time verification routine to check the value of an secret, possibly allowing a timing attack to retrieve sensitive information.","error","Timing attack against [[""client-supplied token""|""relative:///Assertion/Author/A_cwe306_0_3.py:14:27:14:34""]] validation.
Timing attack against [[""client-supplied token""|""relative:///Assertion/Author/A_cwe306_0_3.py:27:34:27:41""]] validation.
Timing attack against [[""client-supplied token""|""relative:///Assertion/Author/A_cwe306_0_3.py:16:75:16:82""]] validation.","/Assertion/Author/A_cwe306_0_3.py","16","75","16","82"
"Timing attack against secret","Use of a non-constant-time verification routine to check the value of an secret, possibly allowing a timing attack to retrieve sensitive information.","error","Timing attack against [[""client-supplied token""|""relative:///Assertion/Author/A_cwe306_0_4.py:11:13:11:23""]] validation.
Timing attack against [[""client-supplied token""|""relative:///Assertion/Author/A_cwe306_0_4.py:12:12:12:22""]] validation.
Timing attack against [[""client-supplied token""|""relative:///Assertion/Author/A_cwe306_0_4.py:16:8:16:18""]] validation.","/Assertion/Author/A_cwe306_0_4.py","16","8","16","30"
"Timing attack against secret","Use of a non-constant-time verification routine to check the value of an secret, possibly allowing a timing attack to retrieve sensitive information.","error","Timing attack against [[""client-supplied token""|""relative:///Assertion/Author/A_cwe306_0_4.py:11:13:11:23""]] validation.
Timing attack against [[""client-supplied token""|""relative:///Assertion/Author/A_cwe306_0_4.py:12:12:12:22""]] validation.
Timing attack against [[""client-supplied token""|""relative:///Assertion/Author/A_cwe306_0_4.py:16:8:16:18""]] validation.
Timing attack against [[""client-supplied token""|""relative:///Assertion/Author/A_cwe306_0_4.py:16:48:16:58""]] validation.","/Assertion/Author/A_cwe306_0_4.py","16","48","16","70"
"Timing attack against secret","Use of a non-constant-time verification routine to check the value of an secret, possibly allowing a timing attack to retrieve sensitive information.","error","Timing attack against [[""client-supplied token""|""relative:///Assertion/Author/A_cwe306_0_4.py:14:27:14:34""]] validation.
Timing attack against [[""client-supplied token""|""relative:///Assertion/Author/A_cwe306_0_4.py:27:34:27:41""]] validation.
Timing attack against [[""client-supplied token""|""relative:///Assertion/Author/A_cwe306_0_4.py:16:75:16:82""]] validation.","/Assertion/Author/A_cwe306_0_4.py","16","75","16","82"
"Timing attack against secret","Use of a non-constant-time verification routine to check the value of an secret, possibly allowing a timing attack to retrieve sensitive information.","error","Timing attack against [[""client-supplied token""|""relative:///Assertion/Author/A_cwe306_0_5.py:11:13:11:23""]] validation.
Timing attack against [[""client-supplied token""|""relative:///Assertion/Author/A_cwe306_0_5.py:12:12:12:22""]] validation.
Timing attack against [[""client-supplied token""|""relative:///Assertion/Author/A_cwe306_0_5.py:16:8:16:18""]] validation.","/Assertion/Author/A_cwe306_0_5.py","16","8","16","30"
"Timing attack against secret","Use of a non-constant-time verification routine to check the value of an secret, possibly allowing a timing attack to retrieve sensitive information.","error","Timing attack against [[""client-supplied token""|""relative:///Assertion/Author/A_cwe306_0_5.py:11:13:11:23""]] validation.
Timing attack against [[""client-supplied token""|""relative:///Assertion/Author/A_cwe306_0_5.py:12:12:12:22""]] validation.
Timing attack against [[""client-supplied token""|""relative:///Assertion/Author/A_cwe306_0_5.py:16:8:16:18""]] validation.
Timing attack against [[""client-supplied token""|""relative:///Assertion/Author/A_cwe306_0_5.py:16:48:16:58""]] validation.","/Assertion/Author/A_cwe306_0_5.py","16","48","16","70"
"Timing attack against secret","Use of a non-constant-time verification routine to check the value of an secret, possibly allowing a timing attack to retrieve sensitive information.","error","Timing attack against [[""client-supplied token""|""relative:///Assertion/Author/A_cwe306_0_5.py:14:27:14:34""]] validation.
Timing attack against [[""client-supplied token""|""relative:///Assertion/Author/A_cwe306_0_5.py:27:34:27:41""]] validation.
Timing attack against [[""client-supplied token""|""relative:///Assertion/Author/A_cwe306_0_5.py:16:75:16:82""]] validation.","/Assertion/Author/A_cwe306_0_5.py","16","75","16","82"
"Timing attack against secret","Use of a non-constant-time verification routine to check the value of an secret, possibly allowing a timing attack to retrieve sensitive information.","error","Timing attack against [[""client-supplied token""|""relative:///Assertion/Author/A_cwe306_0_6.py:11:13:11:23""]] validation.
Timing attack against [[""client-supplied token""|""relative:///Assertion/Author/A_cwe306_0_6.py:12:12:12:22""]] validation.
Timing attack against [[""client-supplied token""|""relative:///Assertion/Author/A_cwe306_0_6.py:16:8:16:18""]] validation.","/Assertion/Author/A_cwe306_0_6.py","16","8","16","30"
"Timing attack against secret","Use of a non-constant-time verification routine to check the value of an secret, possibly allowing a timing attack to retrieve sensitive information.","error","Timing attack against [[""client-supplied token""|""relative:///Assertion/Author/A_cwe306_0_6.py:11:13:11:23""]] validation.
Timing attack against [[""client-supplied token""|""relative:///Assertion/Author/A_cwe306_0_6.py:12:12:12:22""]] validation.
Timing attack against [[""client-supplied token""|""relative:///Assertion/Author/A_cwe306_0_6.py:16:8:16:18""]] validation.
Timing attack against [[""client-supplied token""|""relative:///Assertion/Author/A_cwe306_0_6.py:16:48:16:58""]] validation.","/Assertion/Author/A_cwe306_0_6.py","16","48","16","70"
"Timing attack against secret","Use of a non-constant-time verification routine to check the value of an secret, possibly allowing a timing attack to retrieve sensitive information.","error","Timing attack against [[""client-supplied token""|""relative:///Assertion/Author/A_cwe306_0_6.py:14:27:14:34""]] validation.
Timing attack against [[""client-supplied token""|""relative:///Assertion/Author/A_cwe306_0_6.py:27:34:27:41""]] validation.
Timing attack against [[""client-supplied token""|""relative:///Assertion/Author/A_cwe306_0_6.py:16:75:16:82""]] validation.","/Assertion/Author/A_cwe306_0_6.py","16","75","16","82"
"Timing attack against secret","Use of a non-constant-time verification routine to check the value of an secret, possibly allowing a timing attack to retrieve sensitive information.","error","Timing attack against [[""client-supplied token""|""relative:///Assertion/Author/A_cwe306_0_7.py:11:13:11:23""]] validation.
Timing attack against [[""client-supplied token""|""relative:///Assertion/Author/A_cwe306_0_7.py:12:12:12:22""]] validation.
Timing attack against [[""client-supplied token""|""relative:///Assertion/Author/A_cwe306_0_7.py:16:8:16:18""]] validation.","/Assertion/Author/A_cwe306_0_7.py","16","8","16","30"
"Timing attack against secret","Use of a non-constant-time verification routine to check the value of an secret, possibly allowing a timing attack to retrieve sensitive information.","error","Timing attack against [[""client-supplied token""|""relative:///Assertion/Author/A_cwe306_0_7.py:11:13:11:23""]] validation.
Timing attack against [[""client-supplied token""|""relative:///Assertion/Author/A_cwe306_0_7.py:12:12:12:22""]] validation.
Timing attack against [[""client-supplied token""|""relative:///Assertion/Author/A_cwe306_0_7.py:16:8:16:18""]] validation.
Timing attack against [[""client-supplied token""|""relative:///Assertion/Author/A_cwe306_0_7.py:16:48:16:58""]] validation.","/Assertion/Author/A_cwe306_0_7.py","16","48","16","70"
"Timing attack against secret","Use of a non-constant-time verification routine to check the value of an secret, possibly allowing a timing attack to retrieve sensitive information.","error","Timing attack against [[""client-supplied token""|""relative:///Assertion/Author/A_cwe306_0_7.py:14:27:14:34""]] validation.
Timing attack against [[""client-supplied token""|""relative:///Assertion/Author/A_cwe306_0_7.py:27:34:27:41""]] validation.
Timing attack against [[""client-supplied token""|""relative:///Assertion/Author/A_cwe306_0_7.py:16:75:16:82""]] validation.","/Assertion/Author/A_cwe306_0_7.py","16","75","16","82"
"Timing attack against secret","Use of a non-constant-time verification routine to check the value of an secret, possibly allowing a timing attack to retrieve sensitive information.","error","Timing attack against [[""client-supplied token""|""relative:///Assertion/Author/A_cwe306_0_8.py:11:13:11:23""]] validation.
Timing attack against [[""client-supplied token""|""relative:///Assertion/Author/A_cwe306_0_8.py:12:12:12:22""]] validation.
Timing attack against [[""client-supplied token""|""relative:///Assertion/Author/A_cwe306_0_8.py:16:8:16:18""]] validation.","/Assertion/Author/A_cwe306_0_8.py","16","8","16","30"
"Timing attack against secret","Use of a non-constant-time verification routine to check the value of an secret, possibly allowing a timing attack to retrieve sensitive information.","error","Timing attack against [[""client-supplied token""|""relative:///Assertion/Author/A_cwe306_0_8.py:11:13:11:23""]] validation.
Timing attack against [[""client-supplied token""|""relative:///Assertion/Author/A_cwe306_0_8.py:12:12:12:22""]] validation.
Timing attack against [[""client-supplied token""|""relative:///Assertion/Author/A_cwe306_0_8.py:16:8:16:18""]] validation.
Timing attack against [[""client-supplied token""|""relative:///Assertion/Author/A_cwe306_0_8.py:16:48:16:58""]] validation.","/Assertion/Author/A_cwe306_0_8.py","16","48","16","70"
"Timing attack against secret","Use of a non-constant-time verification routine to check the value of an secret, possibly allowing a timing attack to retrieve sensitive information.","error","Timing attack against [[""client-supplied token""|""relative:///Assertion/Author/A_cwe306_0_8.py:14:27:14:34""]] validation.
Timing attack against [[""client-supplied token""|""relative:///Assertion/Author/A_cwe306_0_8.py:27:34:27:41""]] validation.
Timing attack against [[""client-supplied token""|""relative:///Assertion/Author/A_cwe306_0_8.py:16:75:16:82""]] validation.","/Assertion/Author/A_cwe306_0_8.py","16","75","16","82"
"Timing attack against secret","Use of a non-constant-time verification routine to check the value of an secret, possibly allowing a timing attack to retrieve sensitive information.","error","Timing attack against [[""client-supplied token""|""relative:///Assertion/Author/A_cwe306_0_9.py:11:13:11:23""]] validation.
Timing attack against [[""client-supplied token""|""relative:///Assertion/Author/A_cwe306_0_9.py:12:12:12:22""]] validation.
Timing attack against [[""client-supplied token""|""relative:///Assertion/Author/A_cwe306_0_9.py:16:8:16:18""]] validation.","/Assertion/Author/A_cwe306_0_9.py","16","8","16","30"
"Timing attack against secret","Use of a non-constant-time verification routine to check the value of an secret, possibly allowing a timing attack to retrieve sensitive information.","error","Timing attack against [[""client-supplied token""|""relative:///Assertion/Author/A_cwe306_0_9.py:11:13:11:23""]] validation.
Timing attack against [[""client-supplied token""|""relative:///Assertion/Author/A_cwe306_0_9.py:12:12:12:22""]] validation.
Timing attack against [[""client-supplied token""|""relative:///Assertion/Author/A_cwe306_0_9.py:16:8:16:18""]] validation.
Timing attack against [[""client-supplied token""|""relative:///Assertion/Author/A_cwe306_0_9.py:16:48:16:58""]] validation.","/Assertion/Author/A_cwe306_0_9.py","16","48","16","70"
"Timing attack against secret","Use of a non-constant-time verification routine to check the value of an secret, possibly allowing a timing attack to retrieve sensitive information.","error","Timing attack against [[""client-supplied token""|""relative:///Assertion/Author/A_cwe306_0_9.py:14:27:14:34""]] validation.
Timing attack against [[""client-supplied token""|""relative:///Assertion/Author/A_cwe306_0_9.py:27:34:27:41""]] validation.
Timing attack against [[""client-supplied token""|""relative:///Assertion/Author/A_cwe306_0_9.py:16:75:16:82""]] validation.","/Assertion/Author/A_cwe306_0_9.py","16","75","16","82"
"Timing attack against secret","Use of a non-constant-time verification routine to check the value of an secret, possibly allowing a timing attack to retrieve sensitive information.","error","Timing attack against [[""client-supplied token""|""relative:///Assertion/Author/A_cwe319_0_0.py:20:13:20:23""]] validation.
Timing attack against [[""client-supplied token""|""relative:///Assertion/Author/A_cwe319_0_0.py:21:12:21:22""]] validation.
Timing attack against [[""client-supplied token""|""relative:///Assertion/Author/A_cwe319_0_0.py:25:8:25:18""]] validation.","/Assertion/Author/A_cwe319_0_0.py","25","8","25","30"
"Timing attack against secret","Use of a non-constant-time verification routine to check the value of an secret, possibly allowing a timing attack to retrieve sensitive information.","error","Timing attack against [[""client-supplied token""|""relative:///Assertion/Author/A_cwe319_0_0.py:20:13:20:23""]] validation.
Timing attack against [[""client-supplied token""|""relative:///Assertion/Author/A_cwe319_0_0.py:21:12:21:22""]] validation.
Timing attack against [[""client-supplied token""|""relative:///Assertion/Author/A_cwe319_0_0.py:25:8:25:18""]] validation.
Timing attack against [[""client-supplied token""|""relative:///Assertion/Author/A_cwe319_0_0.py:25:48:25:58""]] validation.","/Assertion/Author/A_cwe319_0_0.py","25","48","25","70"
"Timing attack against secret","Use of a non-constant-time verification routine to check the value of an secret, possibly allowing a timing attack to retrieve sensitive information.","error","Timing attack against [[""client-supplied token""|""relative:///Assertion/Author/A_cwe319_0_0.py:23:33:23:40""]] validation.
Timing attack against [[""client-supplied token""|""relative:///Assertion/Author/A_cwe319_0_0.py:41:36:41:43""]] validation.
Timing attack against [[""client-supplied token""|""relative:///Assertion/Author/A_cwe319_0_0.py:25:75:25:82""]] validation.","/Assertion/Author/A_cwe319_0_0.py","25","75","25","82"
"Timing attack against secret","Use of a non-constant-time verification routine to check the value of an secret, possibly allowing a timing attack to retrieve sensitive information.","error","Timing attack against [[""client-supplied token""|""relative:///Assertion/Author/A_cwe319_0_1.py:20:13:20:23""]] validation.
Timing attack against [[""client-supplied token""|""relative:///Assertion/Author/A_cwe319_0_1.py:21:12:21:22""]] validation.
Timing attack against [[""client-supplied token""|""relative:///Assertion/Author/A_cwe319_0_1.py:25:8:25:18""]] validation.","/Assertion/Author/A_cwe319_0_1.py","25","8","25","30"
"Timing attack against secret","Use of a non-constant-time verification routine to check the value of an secret, possibly allowing a timing attack to retrieve sensitive information.","error","Timing attack against [[""client-supplied token""|""relative:///Assertion/Author/A_cwe319_0_1.py:20:13:20:23""]] validation.
Timing attack against [[""client-supplied token""|""relative:///Assertion/Author/A_cwe319_0_1.py:21:12:21:22""]] validation.
Timing attack against [[""client-supplied token""|""relative:///Assertion/Author/A_cwe319_0_1.py:25:8:25:18""]] validation.
Timing attack against [[""client-supplied token""|""relative:///Assertion/Author/A_cwe319_0_1.py:25:48:25:58""]] validation.","/Assertion/Author/A_cwe319_0_1.py","25","48","25","70"
"Timing attack against secret","Use of a non-constant-time verification routine to check the value of an secret, possibly allowing a timing attack to retrieve sensitive information.","error","Timing attack against [[""client-supplied token""|""relative:///Assertion/Author/A_cwe319_0_1.py:23:33:23:40""]] validation.
Timing attack against [[""client-supplied token""|""relative:///Assertion/Author/A_cwe319_0_1.py:41:36:41:43""]] validation.
Timing attack against [[""client-supplied token""|""relative:///Assertion/Author/A_cwe319_0_1.py:25:75:25:82""]] validation.","/Assertion/Author/A_cwe319_0_1.py","25","75","25","82"
"Timing attack against secret","Use of a non-constant-time verification routine to check the value of an secret, possibly allowing a timing attack to retrieve sensitive information.","error","Timing attack against [[""client-supplied token""|""relative:///Assertion/Author/A_cwe319_0_2.py:20:13:20:23""]] validation.
Timing attack against [[""client-supplied token""|""relative:///Assertion/Author/A_cwe319_0_2.py:21:12:21:22""]] validation.
Timing attack against [[""client-supplied token""|""relative:///Assertion/Author/A_cwe319_0_2.py:25:8:25:18""]] validation.","/Assertion/Author/A_cwe319_0_2.py","25","8","25","30"
"Timing attack against secret","Use of a non-constant-time verification routine to check the value of an secret, possibly allowing a timing attack to retrieve sensitive information.","error","Timing attack against [[""client-supplied token""|""relative:///Assertion/Author/A_cwe319_0_2.py:20:13:20:23""]] validation.
Timing attack against [[""client-supplied token""|""relative:///Assertion/Author/A_cwe319_0_2.py:21:12:21:22""]] validation.
Timing attack against [[""client-supplied token""|""relative:///Assertion/Author/A_cwe319_0_2.py:25:8:25:18""]] validation.
Timing attack against [[""client-supplied token""|""relative:///Assertion/Author/A_cwe319_0_2.py:25:48:25:58""]] validation.","/Assertion/Author/A_cwe319_0_2.py","25","48","25","70"
"Timing attack against secret","Use of a non-constant-time verification routine to check the value of an secret, possibly allowing a timing attack to retrieve sensitive information.","error","Timing attack against [[""client-supplied token""|""relative:///Assertion/Author/A_cwe319_0_2.py:23:33:23:40""]] validation.
Timing attack against [[""client-supplied token""|""relative:///Assertion/Author/A_cwe319_0_2.py:42:36:42:43""]] validation.
Timing attack against [[""client-supplied token""|""relative:///Assertion/Author/A_cwe319_0_2.py:25:75:25:82""]] validation.","/Assertion/Author/A_cwe319_0_2.py","25","75","25","82"
"Timing attack against secret","Use of a non-constant-time verification routine to check the value of an secret, possibly allowing a timing attack to retrieve sensitive information.","error","Timing attack against [[""client-supplied token""|""relative:///Assertion/Author/A_cwe319_0_3.py:20:13:20:23""]] validation.
Timing attack against [[""client-supplied token""|""relative:///Assertion/Author/A_cwe319_0_3.py:21:12:21:22""]] validation.
Timing attack against [[""client-supplied token""|""relative:///Assertion/Author/A_cwe319_0_3.py:25:8:25:18""]] validation.","/Assertion/Author/A_cwe319_0_3.py","25","8","25","30"
"Timing attack against secret","Use of a non-constant-time verification routine to check the value of an secret, possibly allowing a timing attack to retrieve sensitive information.","error","Timing attack against [[""client-supplied token""|""relative:///Assertion/Author/A_cwe319_0_3.py:20:13:20:23""]] validation.
Timing attack against [[""client-supplied token""|""relative:///Assertion/Author/A_cwe319_0_3.py:21:12:21:22""]] validation.
Timing attack against [[""client-supplied token""|""relative:///Assertion/Author/A_cwe319_0_3.py:25:8:25:18""]] validation.
Timing attack against [[""client-supplied token""|""relative:///Assertion/Author/A_cwe319_0_3.py:25:48:25:58""]] validation.","/Assertion/Author/A_cwe319_0_3.py","25","48","25","70"
"Timing attack against secret","Use of a non-constant-time verification routine to check the value of an secret, possibly allowing a timing attack to retrieve sensitive information.","error","Timing attack against [[""client-supplied token""|""relative:///Assertion/Author/A_cwe319_0_3.py:23:33:23:40""]] validation.
Timing attack against [[""client-supplied token""|""relative:///Assertion/Author/A_cwe319_0_3.py:42:36:42:43""]] validation.
Timing attack against [[""client-supplied token""|""relative:///Assertion/Author/A_cwe319_0_3.py:25:75:25:82""]] validation.","/Assertion/Author/A_cwe319_0_3.py","25","75","25","82"
"Timing attack against secret","Use of a non-constant-time verification routine to check the value of an secret, possibly allowing a timing attack to retrieve sensitive information.","error","Timing attack against [[""client-supplied token""|""relative:///Assertion/Author/A_cwe319_0_4.py:20:13:20:23""]] validation.
Timing attack against [[""client-supplied token""|""relative:///Assertion/Author/A_cwe319_0_4.py:21:12:21:22""]] validation.
Timing attack against [[""client-supplied token""|""relative:///Assertion/Author/A_cwe319_0_4.py:25:8:25:18""]] validation.","/Assertion/Author/A_cwe319_0_4.py","25","8","25","30"
"Timing attack against secret","Use of a non-constant-time verification routine to check the value of an secret, possibly allowing a timing attack to retrieve sensitive information.","error","Timing attack against [[""client-supplied token""|""relative:///Assertion/Author/A_cwe319_0_4.py:20:13:20:23""]] validation.
Timing attack against [[""client-supplied token""|""relative:///Assertion/Author/A_cwe319_0_4.py:21:12:21:22""]] validation.
Timing attack against [[""client-supplied token""|""relative:///Assertion/Author/A_cwe319_0_4.py:25:8:25:18""]] validation.
Timing attack against [[""client-supplied token""|""relative:///Assertion/Author/A_cwe319_0_4.py:25:48:25:58""]] validation.","/Assertion/Author/A_cwe319_0_4.py","25","48","25","70"
"Timing attack against secret","Use of a non-constant-time verification routine to check the value of an secret, possibly allowing a timing attack to retrieve sensitive information.","error","Timing attack against [[""client-supplied token""|""relative:///Assertion/Author/A_cwe319_0_4.py:23:33:23:40""]] validation.
Timing attack against [[""client-supplied token""|""relative:///Assertion/Author/A_cwe319_0_4.py:42:36:42:43""]] validation.
Timing attack against [[""client-supplied token""|""relative:///Assertion/Author/A_cwe319_0_4.py:25:75:25:82""]] validation.","/Assertion/Author/A_cwe319_0_4.py","25","75","25","82"
"Timing attack against secret","Use of a non-constant-time verification routine to check the value of an secret, possibly allowing a timing attack to retrieve sensitive information.","error","Timing attack against [[""client-supplied token""|""relative:///Assertion/Author/A_cwe319_0_5.py:20:13:20:23""]] validation.
Timing attack against [[""client-supplied token""|""relative:///Assertion/Author/A_cwe319_0_5.py:21:12:21:22""]] validation.
Timing attack against [[""client-supplied token""|""relative:///Assertion/Author/A_cwe319_0_5.py:25:8:25:18""]] validation.","/Assertion/Author/A_cwe319_0_5.py","25","8","25","30"
"Timing attack against secret","Use of a non-constant-time verification routine to check the value of an secret, possibly allowing a timing attack to retrieve sensitive information.","error","Timing attack against [[""client-supplied token""|""relative:///Assertion/Author/A_cwe319_0_5.py:20:13:20:23""]] validation.
Timing attack against [[""client-supplied token""|""relative:///Assertion/Author/A_cwe319_0_5.py:21:12:21:22""]] validation.
Timing attack against [[""client-supplied token""|""relative:///Assertion/Author/A_cwe319_0_5.py:25:8:25:18""]] validation.
Timing attack against [[""client-supplied token""|""relative:///Assertion/Author/A_cwe319_0_5.py:25:48:25:58""]] validation.","/Assertion/Author/A_cwe319_0_5.py","25","48","25","70"
"Timing attack against secret","Use of a non-constant-time verification routine to check the value of an secret, possibly allowing a timing attack to retrieve sensitive information.","error","Timing attack against [[""client-supplied token""|""relative:///Assertion/Author/A_cwe319_0_5.py:23:33:23:40""]] validation.
Timing attack against [[""client-supplied token""|""relative:///Assertion/Author/A_cwe319_0_5.py:42:36:42:43""]] validation.
Timing attack against [[""client-supplied token""|""relative:///Assertion/Author/A_cwe319_0_5.py:25:75:25:82""]] validation.","/Assertion/Author/A_cwe319_0_5.py","25","75","25","82"
"Timing attack against secret","Use of a non-constant-time verification routine to check the value of an secret, possibly allowing a timing attack to retrieve sensitive information.","error","Timing attack against [[""client-supplied token""|""relative:///Assertion/Author/A_cwe319_0_6.py:20:13:20:23""]] validation.
Timing attack against [[""client-supplied token""|""relative:///Assertion/Author/A_cwe319_0_6.py:21:12:21:22""]] validation.
Timing attack against [[""client-supplied token""|""relative:///Assertion/Author/A_cwe319_0_6.py:25:8:25:18""]] validation.","/Assertion/Author/A_cwe319_0_6.py","25","8","25","30"
"Timing attack against secret","Use of a non-constant-time verification routine to check the value of an secret, possibly allowing a timing attack to retrieve sensitive information.","error","Timing attack against [[""client-supplied token""|""relative:///Assertion/Author/A_cwe319_0_6.py:20:13:20:23""]] validation.
Timing attack against [[""client-supplied token""|""relative:///Assertion/Author/A_cwe319_0_6.py:21:12:21:22""]] validation.
Timing attack against [[""client-supplied token""|""relative:///Assertion/Author/A_cwe319_0_6.py:25:8:25:18""]] validation.
Timing attack against [[""client-supplied token""|""relative:///Assertion/Author/A_cwe319_0_6.py:25:48:25:58""]] validation.","/Assertion/Author/A_cwe319_0_6.py","25","48","25","70"
"Timing attack against secret","Use of a non-constant-time verification routine to check the value of an secret, possibly allowing a timing attack to retrieve sensitive information.","error","Timing attack against [[""client-supplied token""|""relative:///Assertion/Author/A_cwe319_0_6.py:23:33:23:40""]] validation.
Timing attack against [[""client-supplied token""|""relative:///Assertion/Author/A_cwe319_0_6.py:41:36:41:43""]] validation.
Timing attack against [[""client-supplied token""|""relative:///Assertion/Author/A_cwe319_0_6.py:25:75:25:82""]] validation.","/Assertion/Author/A_cwe319_0_6.py","25","75","25","82"
"Timing attack against secret","Use of a non-constant-time verification routine to check the value of an secret, possibly allowing a timing attack to retrieve sensitive information.","error","Timing attack against [[""client-supplied token""|""relative:///Assertion/Author/A_cwe319_0_7.py:20:13:20:23""]] validation.
Timing attack against [[""client-supplied token""|""relative:///Assertion/Author/A_cwe319_0_7.py:21:12:21:22""]] validation.
Timing attack against [[""client-supplied token""|""relative:///Assertion/Author/A_cwe319_0_7.py:25:8:25:18""]] validation.","/Assertion/Author/A_cwe319_0_7.py","25","8","25","30"
"Timing attack against secret","Use of a non-constant-time verification routine to check the value of an secret, possibly allowing a timing attack to retrieve sensitive information.","error","Timing attack against [[""client-supplied token""|""relative:///Assertion/Author/A_cwe319_0_7.py:20:13:20:23""]] validation.
Timing attack against [[""client-supplied token""|""relative:///Assertion/Author/A_cwe319_0_7.py:21:12:21:22""]] validation.
Timing attack against [[""client-supplied token""|""relative:///Assertion/Author/A_cwe319_0_7.py:25:8:25:18""]] validation.
Timing attack against [[""client-supplied token""|""relative:///Assertion/Author/A_cwe319_0_7.py:25:48:25:58""]] validation.","/Assertion/Author/A_cwe319_0_7.py","25","48","25","70"
"Timing attack against secret","Use of a non-constant-time verification routine to check the value of an secret, possibly allowing a timing attack to retrieve sensitive information.","error","Timing attack against [[""client-supplied token""|""relative:///Assertion/Author/A_cwe319_0_7.py:23:33:23:40""]] validation.
Timing attack against [[""client-supplied token""|""relative:///Assertion/Author/A_cwe319_0_7.py:42:36:42:43""]] validation.
Timing attack against [[""client-supplied token""|""relative:///Assertion/Author/A_cwe319_0_7.py:25:75:25:82""]] validation.","/Assertion/Author/A_cwe319_0_7.py","25","75","25","82"
"Timing attack against secret","Use of a non-constant-time verification routine to check the value of an secret, possibly allowing a timing attack to retrieve sensitive information.","error","Timing attack against [[""client-supplied token""|""relative:///Assertion/Author/A_cwe319_0_8.py:20:13:20:23""]] validation.
Timing attack against [[""client-supplied token""|""relative:///Assertion/Author/A_cwe319_0_8.py:21:12:21:22""]] validation.
Timing attack against [[""client-supplied token""|""relative:///Assertion/Author/A_cwe319_0_8.py:25:8:25:18""]] validation.","/Assertion/Author/A_cwe319_0_8.py","25","8","25","30"
"Timing attack against secret","Use of a non-constant-time verification routine to check the value of an secret, possibly allowing a timing attack to retrieve sensitive information.","error","Timing attack against [[""client-supplied token""|""relative:///Assertion/Author/A_cwe319_0_8.py:20:13:20:23""]] validation.
Timing attack against [[""client-supplied token""|""relative:///Assertion/Author/A_cwe319_0_8.py:21:12:21:22""]] validation.
Timing attack against [[""client-supplied token""|""relative:///Assertion/Author/A_cwe319_0_8.py:25:8:25:18""]] validation.
Timing attack against [[""client-supplied token""|""relative:///Assertion/Author/A_cwe319_0_8.py:25:48:25:58""]] validation.","/Assertion/Author/A_cwe319_0_8.py","25","48","25","70"
"Timing attack against secret","Use of a non-constant-time verification routine to check the value of an secret, possibly allowing a timing attack to retrieve sensitive information.","error","Timing attack against [[""client-supplied token""|""relative:///Assertion/Author/A_cwe319_0_8.py:23:33:23:40""]] validation.
Timing attack against [[""client-supplied token""|""relative:///Assertion/Author/A_cwe319_0_8.py:42:36:42:43""]] validation.
Timing attack against [[""client-supplied token""|""relative:///Assertion/Author/A_cwe319_0_8.py:25:75:25:82""]] validation.","/Assertion/Author/A_cwe319_0_8.py","25","75","25","82"
"Timing attack against secret","Use of a non-constant-time verification routine to check the value of an secret, possibly allowing a timing attack to retrieve sensitive information.","error","Timing attack against [[""client-supplied token""|""relative:///Assertion/Author/A_cwe319_0_9.py:20:13:20:23""]] validation.
Timing attack against [[""client-supplied token""|""relative:///Assertion/Author/A_cwe319_0_9.py:21:12:21:22""]] validation.
Timing attack against [[""client-supplied token""|""relative:///Assertion/Author/A_cwe319_0_9.py:25:8:25:18""]] validation.","/Assertion/Author/A_cwe319_0_9.py","25","8","25","30"
"Timing attack against secret","Use of a non-constant-time verification routine to check the value of an secret, possibly allowing a timing attack to retrieve sensitive information.","error","Timing attack against [[""client-supplied token""|""relative:///Assertion/Author/A_cwe319_0_9.py:20:13:20:23""]] validation.
Timing attack against [[""client-supplied token""|""relative:///Assertion/Author/A_cwe319_0_9.py:21:12:21:22""]] validation.
Timing attack against [[""client-supplied token""|""relative:///Assertion/Author/A_cwe319_0_9.py:25:8:25:18""]] validation.
Timing attack against [[""client-supplied token""|""relative:///Assertion/Author/A_cwe319_0_9.py:25:48:25:58""]] validation.","/Assertion/Author/A_cwe319_0_9.py","25","48","25","70"
"Timing attack against secret","Use of a non-constant-time verification routine to check the value of an secret, possibly allowing a timing attack to retrieve sensitive information.","error","Timing attack against [[""client-supplied token""|""relative:///Assertion/Author/A_cwe319_0_9.py:23:33:23:40""]] validation.
Timing attack against [[""client-supplied token""|""relative:///Assertion/Author/A_cwe319_0_9.py:41:36:41:43""]] validation.
Timing attack against [[""client-supplied token""|""relative:///Assertion/Author/A_cwe319_0_9.py:25:75:25:82""]] validation.","/Assertion/Author/A_cwe319_0_9.py","25","75","25","82"
"Timing attack against secret","Use of a non-constant-time verification routine to check the value of an secret, possibly allowing a timing attack to retrieve sensitive information.","error","Timing attack against [[""client-supplied token""|""relative:///Tainted/CodeQL/codeql_cwe208_1_0.py:17:12:17:19""]] validation.","/Tainted/CodeQL/codeql_cwe208_1_0.py","17","12","17","19"
"Timing attack against secret","Use of a non-constant-time verification routine to check the value of an secret, possibly allowing a timing attack to retrieve sensitive information.","error","Timing attack against [[""client-supplied token""|""relative:///Tainted/CodeQL/codeql_cwe208_1_0.py:6:1:6:14""]] validation.
Timing attack against [[""client-supplied token""|""relative:///Tainted/CodeQL/codeql_cwe208_1_0.py:17:24:17:37""]] validation.","/Tainted/CodeQL/codeql_cwe208_1_0.py","17","24","17","37"
"Timing attack against secret","Use of a non-constant-time verification routine to check the value of an secret, possibly allowing a timing attack to retrieve sensitive information.","error","Timing attack against [[""client-supplied token""|""relative:///Tainted/CodeQL/codeql_cwe208_1_1.py:17:12:17:19""]] validation.","/Tainted/CodeQL/codeql_cwe208_1_1.py","17","12","17","19"
"Timing attack against secret","Use of a non-constant-time verification routine to check the value of an secret, possibly allowing a timing attack to retrieve sensitive information.","error","Timing attack against [[""client-supplied token""|""relative:///Tainted/CodeQL/codeql_cwe208_1_1.py:6:1:6:14""]] validation.
Timing attack against [[""client-supplied token""|""relative:///Tainted/CodeQL/codeql_cwe208_1_1.py:17:24:17:37""]] validation.","/Tainted/CodeQL/codeql_cwe208_1_1.py","17","24","17","37"
"Timing attack against secret","Use of a non-constant-time verification routine to check the value of an secret, possibly allowing a timing attack to retrieve sensitive information.","error","Timing attack against [[""client-supplied token""|""relative:///Tainted/CodeQL/codeql_cwe208_1_2.py:17:12:17:19""]] validation.","/Tainted/CodeQL/codeql_cwe208_1_2.py","17","12","17","19"
"Timing attack against secret","Use of a non-constant-time verification routine to check the value of an secret, possibly allowing a timing attack to retrieve sensitive information.","error","Timing attack against [[""client-supplied token""|""relative:///Tainted/CodeQL/codeql_cwe208_1_2.py:6:1:6:14""]] validation.
Timing attack against [[""client-supplied token""|""relative:///Tainted/CodeQL/codeql_cwe208_1_2.py:17:24:17:37""]] validation.","/Tainted/CodeQL/codeql_cwe208_1_2.py","17","24","17","37"
"Timing attack against secret","Use of a non-constant-time verification routine to check the value of an secret, possibly allowing a timing attack to retrieve sensitive information.","error","Timing attack against [[""client-supplied token""|""relative:///Tainted/CodeQL/codeql_cwe208_1_3.py:17:12:17:19""]] validation.","/Tainted/CodeQL/codeql_cwe208_1_3.py","17","12","17","19"
"Timing attack against secret","Use of a non-constant-time verification routine to check the value of an secret, possibly allowing a timing attack to retrieve sensitive information.","error","Timing attack against [[""client-supplied token""|""relative:///Tainted/CodeQL/codeql_cwe208_1_3.py:6:1:6:14""]] validation.
Timing attack against [[""client-supplied token""|""relative:///Tainted/CodeQL/codeql_cwe208_1_3.py:17:24:17:37""]] validation.","/Tainted/CodeQL/codeql_cwe208_1_3.py","17","24","17","37"
"Timing attack against secret","Use of a non-constant-time verification routine to check the value of an secret, possibly allowing a timing attack to retrieve sensitive information.","error","Timing attack against [[""client-supplied token""|""relative:///Tainted/CodeQL/codeql_cwe208_1_4.py:17:12:17:19""]] validation.","/Tainted/CodeQL/codeql_cwe208_1_4.py","17","12","17","19"
"Timing attack against secret","Use of a non-constant-time verification routine to check the value of an secret, possibly allowing a timing attack to retrieve sensitive information.","error","Timing attack against [[""client-supplied token""|""relative:///Tainted/CodeQL/codeql_cwe208_1_4.py:6:1:6:14""]] validation.
Timing attack against [[""client-supplied token""|""relative:///Tainted/CodeQL/codeql_cwe208_1_4.py:17:24:17:37""]] validation.","/Tainted/CodeQL/codeql_cwe208_1_4.py","17","24","17","37"
"Timing attack against secret","Use of a non-constant-time verification routine to check the value of an secret, possibly allowing a timing attack to retrieve sensitive information.","error","Timing attack against [[""client-supplied token""|""relative:///Tainted/CodeQL/codeql_cwe208_1_5.py:17:12:17:19""]] validation.","/Tainted/CodeQL/codeql_cwe208_1_5.py","17","12","17","19"
"Timing attack against secret","Use of a non-constant-time verification routine to check the value of an secret, possibly allowing a timing attack to retrieve sensitive information.","error","Timing attack against [[""client-supplied token""|""relative:///Tainted/CodeQL/codeql_cwe208_1_5.py:6:1:6:14""]] validation.
Timing attack against [[""client-supplied token""|""relative:///Tainted/CodeQL/codeql_cwe208_1_5.py:17:24:17:37""]] validation.","/Tainted/CodeQL/codeql_cwe208_1_5.py","17","24","17","37"
"Timing attack against secret","Use of a non-constant-time verification routine to check the value of an secret, possibly allowing a timing attack to retrieve sensitive information.","error","Timing attack against [[""client-supplied token""|""relative:///Tainted/CodeQL/codeql_cwe208_1_6.py:17:12:17:19""]] validation.","/Tainted/CodeQL/codeql_cwe208_1_6.py","17","12","17","19"
"Timing attack against secret","Use of a non-constant-time verification routine to check the value of an secret, possibly allowing a timing attack to retrieve sensitive information.","error","Timing attack against [[""client-supplied token""|""relative:///Tainted/CodeQL/codeql_cwe208_1_6.py:6:1:6:14""]] validation.
Timing attack against [[""client-supplied token""|""relative:///Tainted/CodeQL/codeql_cwe208_1_6.py:17:24:17:37""]] validation.","/Tainted/CodeQL/codeql_cwe208_1_6.py","17","24","17","37"
"Timing attack against secret","Use of a non-constant-time verification routine to check the value of an secret, possibly allowing a timing attack to retrieve sensitive information.","error","Timing attack against [[""client-supplied token""|""relative:///Tainted/CodeQL/codeql_cwe208_1_7.py:17:12:17:19""]] validation.","/Tainted/CodeQL/codeql_cwe208_1_7.py","17","12","17","19"
"Timing attack against secret","Use of a non-constant-time verification routine to check the value of an secret, possibly allowing a timing attack to retrieve sensitive information.","error","Timing attack against [[""client-supplied token""|""relative:///Tainted/CodeQL/codeql_cwe208_1_7.py:6:1:6:14""]] validation.
Timing attack against [[""client-supplied token""|""relative:///Tainted/CodeQL/codeql_cwe208_1_7.py:17:24:17:37""]] validation.","/Tainted/CodeQL/codeql_cwe208_1_7.py","17","24","17","37"
"Timing attack against secret","Use of a non-constant-time verification routine to check the value of an secret, possibly allowing a timing attack to retrieve sensitive information.","error","Timing attack against [[""client-supplied token""|""relative:///Tainted/CodeQL/codeql_cwe208_1_8.py:17:12:17:19""]] validation.","/Tainted/CodeQL/codeql_cwe208_1_8.py","17","12","17","19"
"Timing attack against secret","Use of a non-constant-time verification routine to check the value of an secret, possibly allowing a timing attack to retrieve sensitive information.","error","Timing attack against [[""client-supplied token""|""relative:///Tainted/CodeQL/codeql_cwe208_1_8.py:6:1:6:14""]] validation.
Timing attack against [[""client-supplied token""|""relative:///Tainted/CodeQL/codeql_cwe208_1_8.py:17:24:17:37""]] validation.","/Tainted/CodeQL/codeql_cwe208_1_8.py","17","24","17","37"
"Timing attack against secret","Use of a non-constant-time verification routine to check the value of an secret, possibly allowing a timing attack to retrieve sensitive information.","error","Timing attack against [[""client-supplied token""|""relative:///Tainted/CodeQL/codeql_cwe208_1_9.py:17:12:17:19""]] validation.","/Tainted/CodeQL/codeql_cwe208_1_9.py","17","12","17","19"
"Timing attack against secret","Use of a non-constant-time verification routine to check the value of an secret, possibly allowing a timing attack to retrieve sensitive information.","error","Timing attack against [[""client-supplied token""|""relative:///Tainted/CodeQL/codeql_cwe208_1_9.py:6:1:6:14""]] validation.
Timing attack against [[""client-supplied token""|""relative:///Tainted/CodeQL/codeql_cwe208_1_9.py:17:24:17:37""]] validation.","/Tainted/CodeQL/codeql_cwe208_1_9.py","17","24","17","37"
"Timing attack against secret","Use of a non-constant-time verification routine to check the value of an secret, possibly allowing a timing attack to retrieve sensitive information.","error","Timing attack against [[""client-supplied token""|""relative:///Assertion/CodeQL/codeql_cwe601_0_2.py:31:38:31:45""]] validation.","/Assertion/CodeQL/codeql_cwe601_0_2.py","31","38","31","45"
